/*--------------------------------*- C++ -*----------------------------------*\
  =========                 |
  \\      /  F ield         | OpenFOAM: The Open Source CFD Toolbox
   \\    /   O peration     | Website:  https://openfoam.org
    \\  /    A nd           | Version:  11
     \\/     M anipulation  |
\*---------------------------------------------------------------------------*/
FoamFile
{
    format      ascii;
    class       cellSet;
    location    "constant/polyMesh/sets";
    object      cylinderCells;
}
// * * * * * * * * * * * * * * * * * * * * * * * * * * * * * * * * * * * * * //


812
(
7996 
7997 
7998 
7999 
8000 
8001 
8002 
8003 
8057 
8058 
8059 
8060 
8061 
8062 
8063 
8064 
8065 
8066 
8067 
8068 
8069 
8070 
8119 
8120 
8121 
8122 
8123 
8124 
8125 
8126 
8127 
8128 
8129 
8130 
8131 
8132 
8133 
8134 
8135 
8136 
8182 
8183 
8184 
8185 
8186 
8187 
8188 
8189 
8190 
8191 
8192 
8193 
8194 
8195 
8196 
8197 
8198 
8199 
8200 
8201 
8245 
8246 
8247 
8248 
8249 
8250 
8251 
8252 
8253 
8254 
8255 
8256 
8257 
8258 
8259 
8260 
8261 
8262 
8263 
8264 
8265 
8266 
8308 
8309 
8310 
8311 
8312 
8313 
8314 
8315 
8316 
8317 
8318 
8319 
8320 
8321 
8322 
8323 
8324 
8325 
8326 
8327 
8328 
8329 
8330 
8331 
8371 
8372 
8373 
8374 
8375 
8376 
8377 
8378 
8379 
8380 
8381 
8382 
8383 
8384 
8385 
8386 
8387 
8388 
8389 
8390 
8391 
8392 
8393 
8394 
8395 
8396 
8434 
8435 
8436 
8437 
8438 
8439 
8440 
8441 
8442 
8443 
8444 
8445 
8446 
8447 
8448 
8449 
8450 
8451 
8452 
8453 
8454 
8455 
8456 
8457 
8458 
8459 
8460 
8461 
8498 
8499 
8500 
8501 
8502 
8503 
8504 
8505 
8506 
8507 
8508 
8509 
8510 
8511 
8512 
8513 
8514 
8515 
8516 
8517 
8518 
8519 
8520 
8521 
8522 
8523 
8524 
8525 
8561 
8562 
8563 
8564 
8565 
8566 
8567 
8568 
8569 
8570 
8571 
8572 
8573 
8574 
8575 
8576 
8577 
8578 
8579 
8580 
8581 
8582 
8583 
8584 
8585 
8586 
8587 
8588 
8589 
8590 
8625 
8626 
8627 
8628 
8629 
8630 
8631 
8632 
8633 
8634 
8635 
8636 
8637 
8638 
8639 
8640 
8641 
8642 
8643 
8644 
8645 
8646 
8647 
8648 
8649 
8650 
8651 
8652 
8653 
8654 
8689 
8690 
8691 
8692 
8693 
8694 
8695 
8696 
8697 
8698 
8699 
8700 
8701 
8702 
8703 
8704 
8705 
8706 
8707 
8708 
8709 
8710 
8711 
8712 
8713 
8714 
8715 
8716 
8717 
8718 
8752 
8753 
8754 
8755 
8756 
8757 
8758 
8759 
8760 
8761 
8762 
8763 
8764 
8765 
8766 
8767 
8768 
8769 
8770 
8771 
8772 
8773 
8774 
8775 
8776 
8777 
8778 
8779 
8780 
8781 
8782 
8783 
8816 
8817 
8818 
8819 
8820 
8821 
8822 
8823 
8824 
8825 
8826 
8827 
8828 
8829 
8830 
8831 
8832 
8833 
8834 
8835 
8836 
8837 
8838 
8839 
8840 
8841 
8842 
8843 
8844 
8845 
8846 
8847 
8880 
8881 
8882 
8883 
8884 
8885 
8886 
8887 
8888 
8889 
8890 
8891 
8892 
8893 
8894 
8895 
8896 
8897 
8898 
8899 
8900 
8901 
8902 
8903 
8904 
8905 
8906 
8907 
8908 
8909 
8910 
8911 
8944 
8945 
8946 
8947 
8948 
8949 
8950 
8951 
8952 
8953 
8954 
8955 
8956 
8957 
8958 
8959 
8960 
8961 
8962 
8963 
8964 
8965 
8966 
8967 
8968 
8969 
8970 
8971 
8972 
8973 
8974 
8975 
9008 
9009 
9010 
9011 
9012 
9013 
9014 
9015 
9016 
9017 
9018 
9019 
9020 
9021 
9022 
9023 
9024 
9025 
9026 
9027 
9028 
9029 
9030 
9031 
9032 
9033 
9034 
9035 
9036 
9037 
9038 
9039 
9072 
9073 
9074 
9075 
9076 
9077 
9078 
9079 
9080 
9081 
9082 
9083 
9084 
9085 
9086 
9087 
9088 
9089 
9090 
9091 
9092 
9093 
9094 
9095 
9096 
9097 
9098 
9099 
9100 
9101 
9102 
9103 
9136 
9137 
9138 
9139 
9140 
9141 
9142 
9143 
9144 
9145 
9146 
9147 
9148 
9149 
9150 
9151 
9152 
9153 
9154 
9155 
9156 
9157 
9158 
9159 
9160 
9161 
9162 
9163 
9164 
9165 
9166 
9167 
9200 
9201 
9202 
9203 
9204 
9205 
9206 
9207 
9208 
9209 
9210 
9211 
9212 
9213 
9214 
9215 
9216 
9217 
9218 
9219 
9220 
9221 
9222 
9223 
9224 
9225 
9226 
9227 
9228 
9229 
9230 
9231 
9265 
9266 
9267 
9268 
9269 
9270 
9271 
9272 
9273 
9274 
9275 
9276 
9277 
9278 
9279 
9280 
9281 
9282 
9283 
9284 
9285 
9286 
9287 
9288 
9289 
9290 
9291 
9292 
9293 
9294 
9329 
9330 
9331 
9332 
9333 
9334 
9335 
9336 
9337 
9338 
9339 
9340 
9341 
9342 
9343 
9344 
9345 
9346 
9347 
9348 
9349 
9350 
9351 
9352 
9353 
9354 
9355 
9356 
9357 
9358 
9393 
9394 
9395 
9396 
9397 
9398 
9399 
9400 
9401 
9402 
9403 
9404 
9405 
9406 
9407 
9408 
9409 
9410 
9411 
9412 
9413 
9414 
9415 
9416 
9417 
9418 
9419 
9420 
9421 
9422 
9458 
9459 
9460 
9461 
9462 
9463 
9464 
9465 
9466 
9467 
9468 
9469 
9470 
9471 
9472 
9473 
9474 
9475 
9476 
9477 
9478 
9479 
9480 
9481 
9482 
9483 
9484 
9485 
9522 
9523 
9524 
9525 
9526 
9527 
9528 
9529 
9530 
9531 
9532 
9533 
9534 
9535 
9536 
9537 
9538 
9539 
9540 
9541 
9542 
9543 
9544 
9545 
9546 
9547 
9548 
9549 
9587 
9588 
9589 
9590 
9591 
9592 
9593 
9594 
9595 
9596 
9597 
9598 
9599 
9600 
9601 
9602 
9603 
9604 
9605 
9606 
9607 
9608 
9609 
9610 
9611 
9612 
9652 
9653 
9654 
9655 
9656 
9657 
9658 
9659 
9660 
9661 
9662 
9663 
9664 
9665 
9666 
9667 
9668 
9669 
9670 
9671 
9672 
9673 
9674 
9675 
9717 
9718 
9719 
9720 
9721 
9722 
9723 
9724 
9725 
9726 
9727 
9728 
9729 
9730 
9731 
9732 
9733 
9734 
9735 
9736 
9737 
9738 
9782 
9783 
9784 
9785 
9786 
9787 
9788 
9789 
9790 
9791 
9792 
9793 
9794 
9795 
9796 
9797 
9798 
9799 
9800 
9801 
9847 
9848 
9849 
9850 
9851 
9852 
9853 
9854 
9855 
9856 
9857 
9858 
9859 
9860 
9861 
9862 
9863 
9864 
9913 
9914 
9915 
9916 
9917 
9918 
9919 
9920 
9921 
9922 
9923 
9924 
9925 
9926 
9980 
9981 
9982 
9983 
9984 
9985 
9986 
9987 
)

// ************************************************************************* //
