/*--------------------------------*- C++ -*----------------------------------*\
  =========                 |
  \\      /  F ield         | OpenFOAM: The Open Source CFD Toolbox
   \\    /   O peration     | Website:  https://openfoam.org
    \\  /    A nd           | Version:  11
     \\/     M anipulation  |
\*---------------------------------------------------------------------------*/
FoamFile
{
    format      ascii;
    class       labelList;
    note        "nPoints: 5626 nCells: 2694 nFaces: 10894 nInternalFaces: 5270";
    location    "constant/polyMesh";
    object      neighbour;
}
// * * * * * * * * * * * * * * * * * * * * * * * * * * * * * * * * * * * * * //


5270
(
1
39
2
40
3
41
4
42
5
43
6
44
7
45
8
46
9
47
10
48
11
49
12
50
13
51
14
52
15
53
16
54
17
55
18
56
19
57
20
58
21
59
22
60
23
61
24
62
25
63
26
64
27
65
28
66
29
67
30
68
31
69
32
70
33
71
34
72
35
73
36
74
37
75
38
76
77
1560
40
78
41
79
42
80
43
81
44
82
45
83
46
84
47
85
48
86
49
87
50
88
51
89
52
90
53
91
54
92
55
93
56
94
57
95
58
96
59
97
60
98
61
99
62
100
63
101
64
102
65
103
66
104
67
105
68
106
69
107
70
108
71
109
72
110
73
111
74
112
75
113
76
114
77
115
116
1575
79
117
80
118
81
119
82
120
83
121
84
122
85
123
86
124
87
125
88
126
89
127
90
128
91
129
92
130
93
131
94
132
95
133
96
134
97
135
98
136
99
137
100
138
101
139
102
140
103
141
104
142
105
143
106
144
107
145
108
146
109
147
110
148
111
149
112
150
113
151
114
152
115
153
116
154
155
1590
118
156
119
157
120
158
121
159
122
160
123
161
124
162
125
163
126
164
127
165
128
166
129
167
130
168
131
169
132
170
133
171
134
172
135
173
136
174
137
175
138
176
139
177
140
178
141
179
142
180
143
181
144
182
145
183
146
184
147
185
148
186
149
187
150
188
151
189
152
190
153
191
154
192
155
193
194
1605
157
195
158
196
159
197
160
198
161
199
162
200
163
201
164
202
165
203
166
204
167
205
168
206
169
207
170
208
171
209
172
210
173
211
174
212
175
213
176
214
177
215
178
216
179
217
180
218
181
219
182
220
183
221
184
222
185
223
186
224
187
225
188
226
189
227
190
228
191
229
192
230
193
231
194
232
233
1620
196
234
197
235
198
236
199
237
200
238
201
239
202
240
203
241
204
242
205
243
206
244
207
245
208
246
209
247
210
248
211
249
212
250
213
251
214
252
215
253
216
254
217
255
218
256
219
257
220
258
221
259
222
260
223
261
224
262
225
263
226
264
227
265
228
266
229
267
230
268
231
269
232
270
233
271
272
1635
235
273
236
274
237
275
238
276
239
277
240
278
241
279
242
280
243
281
244
282
245
283
246
284
247
285
248
286
249
287
250
288
251
289
252
290
253
291
254
292
255
293
256
294
257
295
258
296
259
297
260
298
261
299
262
300
263
301
264
302
265
303
266
304
267
305
268
306
269
307
270
308
271
309
272
310
311
1650
274
312
275
313
276
314
277
315
278
316
279
317
280
318
281
319
282
320
283
321
284
322
285
323
286
324
287
325
288
326
289
327
290
328
291
329
292
330
293
331
294
332
295
333
296
334
297
335
298
336
299
337
300
338
301
339
302
340
303
341
304
342
305
343
306
344
307
345
308
346
309
347
310
348
311
349
350
1665
313
351
314
352
315
353
316
354
317
355
318
356
319
357
320
358
321
359
322
360
323
361
324
362
325
363
326
364
327
365
328
366
329
367
330
368
331
369
332
370
333
371
334
372
335
373
336
374
337
375
338
376
339
377
340
378
341
379
342
380
343
381
344
382
345
383
346
384
347
385
348
386
349
387
350
388
389
1680
352
390
353
391
354
392
355
393
356
394
357
395
358
396
359
397
360
398
361
399
362
400
363
401
364
402
365
403
366
404
367
405
368
406
369
407
370
408
371
409
372
410
373
411
374
412
375
413
376
414
377
415
378
416
379
417
380
418
381
419
382
420
383
421
384
422
385
423
386
424
387
425
388
426
389
427
428
1695
391
429
392
430
393
431
394
432
395
433
396
434
397
435
398
436
399
437
400
438
401
439
402
440
403
441
404
442
405
443
406
444
407
445
408
446
409
447
410
448
411
449
412
450
413
451
414
452
415
453
416
454
417
455
418
456
419
457
420
458
421
459
422
460
423
461
424
462
425
463
426
464
427
465
428
466
467
1710
430
468
431
469
432
470
433
471
434
472
435
473
436
474
437
475
438
476
439
477
440
478
441
479
442
480
443
481
444
482
445
483
446
484
447
485
448
486
449
487
450
488
451
489
452
490
453
491
454
492
455
493
456
494
457
495
458
496
459
497
460
498
461
499
462
500
463
501
464
502
465
503
466
504
467
505
506
1725
469
507
470
508
471
509
472
510
473
511
474
512
475
513
476
514
477
515
478
516
479
517
480
518
481
519
482
520
483
521
484
522
485
523
486
524
487
525
488
526
489
527
490
528
491
529
492
530
493
531
494
532
495
533
496
534
497
535
498
536
499
537
500
538
501
539
502
540
503
541
504
542
505
543
506
544
545
1740
508
546
509
547
510
548
511
549
512
550
513
551
514
552
515
553
516
554
517
555
518
556
519
557
520
558
521
559
522
560
523
561
524
562
525
563
526
564
527
565
528
566
529
567
530
568
531
569
532
570
533
571
534
572
535
573
536
574
537
575
538
576
539
577
540
578
541
579
542
580
543
581
544
582
545
583
584
1755
547
585
548
586
549
587
550
588
551
589
552
590
553
591
554
592
555
593
556
594
557
595
558
596
559
597
560
598
561
599
562
600
563
601
564
602
565
603
566
604
567
605
568
606
569
607
570
608
571
609
572
610
573
611
574
612
575
613
576
614
577
615
578
616
579
617
580
618
581
619
582
620
583
621
584
622
623
1770
586
624
587
625
588
626
589
627
590
628
591
629
592
630
593
631
594
632
595
633
596
634
597
635
598
636
599
637
600
638
601
639
602
640
603
641
604
642
605
643
606
644
607
645
608
646
609
647
610
648
611
649
612
650
613
651
614
652
615
653
616
654
617
655
618
656
619
657
620
658
621
659
622
660
623
661
662
1785
625
663
626
664
627
665
628
666
629
667
630
668
631
669
632
670
633
671
634
672
635
673
636
674
637
675
638
676
639
677
640
678
641
679
642
680
643
681
644
682
645
683
646
684
647
685
648
686
649
687
650
688
651
689
652
690
653
691
654
692
655
693
656
694
657
695
658
696
659
697
660
698
661
699
662
700
701
1800
664
702
665
703
666
704
667
705
668
706
669
707
670
708
671
709
672
710
673
711
674
712
675
713
676
714
677
715
678
716
679
717
680
718
681
719
682
720
683
721
684
722
685
723
686
724
687
725
688
726
689
727
690
728
691
729
692
730
693
731
694
732
695
733
696
734
697
735
698
736
699
737
700
738
701
739
740
1815
703
741
704
742
705
743
706
744
707
745
708
746
709
747
710
748
711
749
712
750
713
751
714
752
715
753
716
754
717
755
718
756
719
757
720
758
721
759
722
760
723
761
724
762
725
763
726
764
727
765
728
766
729
767
730
768
731
769
732
770
733
771
734
772
735
773
736
774
737
775
738
776
739
777
740
778
779
1830
742
780
743
781
744
782
745
783
746
784
747
785
748
786
749
787
750
788
751
789
752
790
753
791
754
792
755
793
756
794
757
795
758
796
759
797
760
798
761
799
762
800
763
801
764
802
765
803
766
804
767
805
768
806
769
807
770
808
771
809
772
810
773
811
774
812
775
813
776
814
777
815
778
816
779
817
818
1845
781
819
782
820
783
821
784
822
785
823
786
824
787
825
788
826
789
827
790
828
791
829
792
830
793
831
794
832
795
833
796
834
797
835
798
836
799
837
800
838
801
839
802
840
803
841
804
842
805
843
806
844
807
845
808
846
809
847
810
848
811
849
812
850
813
851
814
852
815
853
816
854
817
855
818
856
857
1860
820
858
821
859
822
860
823
861
824
862
825
863
826
864
827
865
828
866
829
867
830
868
831
869
832
870
833
871
834
872
835
873
836
874
837
875
838
876
839
877
840
878
841
879
842
880
843
881
844
882
845
883
846
884
847
885
848
886
849
887
850
888
851
889
852
890
853
891
854
892
855
893
856
894
857
895
896
1875
859
897
860
898
861
899
862
900
863
901
864
902
865
903
866
904
867
905
868
906
869
907
870
908
871
909
872
910
873
911
874
912
875
913
876
914
877
915
878
916
879
917
880
918
881
919
882
920
883
921
884
922
885
923
886
924
887
925
888
926
889
927
890
928
891
929
892
930
893
931
894
932
895
933
896
934
935
1890
898
936
899
937
900
938
901
939
902
940
903
941
904
942
905
943
906
944
907
945
908
946
909
947
910
948
911
949
912
950
913
951
914
952
915
953
916
954
917
955
918
956
919
957
920
958
921
959
922
960
923
961
924
962
925
963
926
964
927
965
928
966
929
967
930
968
931
969
932
970
933
971
934
972
935
973
974
1905
937
975
938
976
939
977
940
978
941
979
942
980
943
981
944
982
945
983
946
984
947
985
948
986
949
987
950
988
951
989
952
990
953
991
954
992
955
993
956
994
957
995
958
996
959
997
960
998
961
999
962
1000
963
1001
964
1002
965
1003
966
1004
967
1005
968
1006
969
1007
970
1008
971
1009
972
1010
973
1011
974
1012
1013
2280
976
1014
977
1015
978
1016
979
1017
980
1018
981
1019
982
1020
983
1021
984
1022
985
1023
986
1024
987
1025
988
1026
989
1027
990
1028
991
1029
992
1030
993
1031
994
1032
995
1033
996
1034
997
1035
998
1036
999
1037
1000
1038
1001
1039
1002
1040
1003
1041
1004
1042
1005
1043
1006
1044
1007
1045
1008
1046
1009
1047
1010
1048
1011
1049
1012
1050
1013
1051
1052
2289
1015
1053
1016
1054
1017
1055
1018
1056
1019
1057
1020
1058
1021
1059
1022
1060
1023
1061
1024
1062
1025
1063
1026
1064
1027
1065
1028
1066
1029
1067
1030
1068
1031
1069
1032
1070
1033
1071
1034
1072
1035
1073
1036
1074
1037
1075
1038
1076
1039
1077
1040
1078
1041
1079
1042
1080
1043
1081
1044
1082
1045
1083
1046
1084
1047
1085
1048
1086
1049
1087
1050
1088
1051
1089
1052
1090
1091
2298
1054
1092
1055
1093
1056
1094
1057
1095
1058
1096
1059
1097
1060
1098
1061
1099
1062
1100
1063
1101
1064
1102
1065
1103
1066
1104
1067
1105
1068
1106
1069
1107
1070
1108
1071
1109
1072
1110
1073
1111
1074
1112
1075
1113
1076
1114
1077
1115
1078
1116
1079
1117
1080
1118
1081
1119
1082
1120
1083
1121
1084
1122
1085
1123
1086
1124
1087
1125
1088
1126
1089
1127
1090
1128
1091
1129
1130
2307
1093
1131
1094
1132
1095
1133
1096
1134
1097
1135
1098
1136
1099
1137
1100
1138
1101
1139
1102
1140
1103
1141
1104
1142
1105
1143
1106
1144
1107
1145
1108
1146
1109
1147
1110
1148
1111
1149
1112
1150
1113
1151
1114
1152
1115
1153
1116
1154
1117
1155
1118
1156
1119
1157
1120
1158
1121
1159
1122
1160
1123
1161
1124
1162
1125
1163
1126
1164
1127
1165
1128
1166
1129
1167
1130
1168
1169
2316
1132
1170
1133
1171
1134
1172
1135
1173
1136
1174
1137
1175
1138
1176
1139
1177
1140
1178
1141
1179
1142
1180
1143
1181
1144
1182
1145
1183
1146
1184
1147
1185
1148
1186
1149
1187
1150
1188
1151
1189
1152
1190
1153
1191
1154
1192
1155
1193
1156
1194
1157
1195
1158
1196
1159
1197
1160
1198
1161
1199
1162
1200
1163
1201
1164
1202
1165
1203
1166
1204
1167
1205
1168
1206
1169
1207
1208
2325
1171
1209
1172
1210
1173
1211
1174
1212
1175
1213
1176
1214
1177
1215
1178
1216
1179
1217
1180
1218
1181
1219
1182
1220
1183
1221
1184
1222
1185
1223
1186
1224
1187
1225
1188
1226
1189
1227
1190
1228
1191
1229
1192
1230
1193
1231
1194
1232
1195
1233
1196
1234
1197
1235
1198
1236
1199
1237
1200
1238
1201
1239
1202
1240
1203
1241
1204
1242
1205
1243
1206
1244
1207
1245
1208
1246
1247
2334
1210
1248
1211
1249
1212
1250
1213
1251
1214
1252
1215
1253
1216
1254
1217
1255
1218
1256
1219
1257
1220
1258
1221
1259
1222
1260
1223
1261
1224
1262
1225
1263
1226
1264
1227
1265
1228
1266
1229
1267
1230
1268
1231
1269
1232
1270
1233
1271
1234
1272
1235
1273
1236
1274
1237
1275
1238
1276
1239
1277
1240
1278
1241
1279
1242
1280
1243
1281
1244
1282
1245
1283
1246
1284
1247
1285
1286
2343
1249
1287
1250
1288
1251
1289
1252
1290
1253
1291
1254
1292
1255
1293
1256
1294
1257
1295
1258
1296
1259
1297
1260
1298
1261
1299
1262
1300
1263
1301
1264
1302
1265
1303
1266
1304
1267
1305
1268
1306
1269
1307
1270
1308
1271
1309
1272
1310
1273
1311
1274
1312
1275
1313
1276
1314
1277
1315
1278
1316
1279
1317
1280
1318
1281
1319
1282
1320
1283
1321
1284
1322
1285
1323
1286
1324
1325
2352
1288
1326
1289
1327
1290
1328
1291
1329
1292
1330
1293
1331
1294
1332
1295
1333
1296
1334
1297
1335
1298
1336
1299
1337
1300
1338
1301
1339
1302
1340
1303
1341
1304
1342
1305
1343
1306
1344
1307
1345
1308
1346
1309
1347
1310
1348
1311
1349
1312
1350
1313
1351
1314
1352
1315
1353
1316
1354
1317
1355
1318
1356
1319
1357
1320
1358
1321
1359
1322
1360
1323
1361
1324
1362
1325
1363
1364
2361
1327
1365
1328
1366
1329
1367
1330
1368
1331
1369
1332
1370
1333
1371
1334
1372
1335
1373
1336
1374
1337
1375
1338
1376
1339
1377
1340
1378
1341
1379
1342
1380
1343
1381
1344
1382
1345
1383
1346
1384
1347
1385
1348
1386
1349
1387
1350
1388
1351
1389
1352
1390
1353
1391
1354
1392
1355
1393
1356
1394
1357
1395
1358
1396
1359
1397
1360
1398
1361
1399
1362
1400
1363
1401
1364
1402
1403
2370
1366
1404
1367
1405
1368
1406
1369
1407
1370
1408
1371
1409
1372
1410
1373
1411
1374
1412
1375
1413
1376
1414
1377
1415
1378
1416
1379
1417
1380
1418
1381
1419
1382
1420
1383
1421
1384
1422
1385
1423
1386
1424
1387
1425
1388
1426
1389
1427
1390
1428
1391
1429
1392
1430
1393
1431
1394
1432
1395
1433
1396
1434
1397
1435
1398
1436
1399
1437
1400
1438
1401
1439
1402
1440
1403
1441
1442
2379
1405
1443
1406
1444
1407
1445
1408
1446
1409
1447
1410
1448
1411
1449
1412
1450
1413
1451
1414
1452
1415
1453
1416
1454
1417
1455
1418
1456
1419
1457
1420
1458
1421
1459
1422
1460
1423
1461
1424
1462
1425
1463
1426
1464
1427
1465
1428
1466
1429
1467
1430
1468
1431
1469
1432
1470
1433
1471
1434
1472
1435
1473
1436
1474
1437
1475
1438
1476
1439
1477
1440
1478
1441
1479
1442
1480
1481
2388
1444
1482
1445
1483
1446
1484
1447
1485
1448
1486
1449
1487
1450
1488
1451
1489
1452
1490
1453
1491
1454
1492
1455
1493
1456
1494
1457
1495
1458
1496
1459
1497
1460
1498
1461
1499
1462
1500
1463
1501
1464
1502
1465
1503
1466
1504
1467
1505
1468
1506
1469
1507
1470
1508
1471
1509
1472
1510
1473
1511
1474
1512
1475
1513
1476
1514
1477
1515
1478
1516
1479
1517
1480
1518
1481
1519
1520
2397
1483
1521
1484
1522
1485
1523
1486
1524
1487
1525
1488
1526
1489
1527
1490
1528
1491
1529
1492
1530
1493
1531
1494
1532
1495
1533
1496
1534
1497
1535
1498
1536
1499
1537
1500
1538
1501
1539
1502
1540
1503
1541
1504
1542
1505
1543
1506
1544
1507
1545
1508
1546
1509
1547
1510
1548
1511
1549
1512
1550
1513
1551
1514
1552
1515
1553
1516
1554
1517
1555
1518
1556
1519
1557
1520
1558
1559
2406
1522
1523
1524
1525
1526
1527
1528
1529
1530
1531
1532
1533
1534
1535
1536
1537
1538
1539
1540
1541
1542
1543
1544
1545
1546
1547
1548
1549
1550
1551
1552
1553
1554
1555
1556
1557
1558
1559
2415
1561
1575
1562
1576
1563
1577
1564
1578
1565
1579
1566
1580
1567
1581
1568
1582
1569
1583
1570
1584
1571
1585
1572
1586
1573
1587
1574
1588
1589
1920
1576
1590
1577
1591
1578
1592
1579
1593
1580
1594
1581
1595
1582
1596
1583
1597
1584
1598
1585
1599
1586
1600
1587
1601
1588
1602
1589
1603
1604
1935
1591
1605
1592
1606
1593
1607
1594
1608
1595
1609
1596
1610
1597
1611
1598
1612
1599
1613
1600
1614
1601
1615
1602
1616
1603
1617
1604
1618
1619
1950
1606
1620
1607
1621
1608
1622
1609
1623
1610
1624
1611
1625
1612
1626
1613
1627
1614
1628
1615
1629
1616
1630
1617
1631
1618
1632
1619
1633
1634
1965
1621
1635
1622
1636
1623
1637
1624
1638
1625
1639
1626
1640
1627
1641
1628
1642
1629
1643
1630
1644
1631
1645
1632
1646
1633
1647
1634
1648
1649
1980
1636
1650
1637
1651
1638
1652
1639
1653
1640
1654
1641
1655
1642
1656
1643
1657
1644
1658
1645
1659
1646
1660
1647
1661
1648
1662
1649
1663
1664
1995
1651
1665
1652
1666
1653
1667
1654
1668
1655
1669
1656
1670
1657
1671
1658
1672
1659
1673
1660
1674
1661
1675
1662
1676
1663
1677
1664
1678
1679
2010
1666
1680
1667
1681
1668
1682
1669
1683
1670
1684
1671
1685
1672
1686
1673
1687
1674
1688
1675
1689
1676
1690
1677
1691
1678
1692
1679
1693
1694
2025
1681
1695
1682
1696
1683
1697
1684
1698
1685
1699
1686
1700
1687
1701
1688
1702
1689
1703
1690
1704
1691
1705
1692
1706
1693
1707
1694
1708
1709
2040
1696
1710
1697
1711
1698
1712
1699
1713
1700
1714
1701
1715
1702
1716
1703
1717
1704
1718
1705
1719
1706
1720
1707
1721
1708
1722
1709
1723
1724
2055
1711
1725
1712
1726
1713
1727
1714
1728
1715
1729
1716
1730
1717
1731
1718
1732
1719
1733
1720
1734
1721
1735
1722
1736
1723
1737
1724
1738
1739
2070
1726
1740
1727
1741
1728
1742
1729
1743
1730
1744
1731
1745
1732
1746
1733
1747
1734
1748
1735
1749
1736
1750
1737
1751
1738
1752
1739
1753
1754
2085
1741
1755
1742
1756
1743
1757
1744
1758
1745
1759
1746
1760
1747
1761
1748
1762
1749
1763
1750
1764
1751
1765
1752
1766
1753
1767
1754
1768
1769
2100
1756
1770
1757
1771
1758
1772
1759
1773
1760
1774
1761
1775
1762
1776
1763
1777
1764
1778
1765
1779
1766
1780
1767
1781
1768
1782
1769
1783
1784
2115
1771
1785
1772
1786
1773
1787
1774
1788
1775
1789
1776
1790
1777
1791
1778
1792
1779
1793
1780
1794
1781
1795
1782
1796
1783
1797
1784
1798
1799
2130
1786
1800
1787
1801
1788
1802
1789
1803
1790
1804
1791
1805
1792
1806
1793
1807
1794
1808
1795
1809
1796
1810
1797
1811
1798
1812
1799
1813
1814
2145
1801
1815
1802
1816
1803
1817
1804
1818
1805
1819
1806
1820
1807
1821
1808
1822
1809
1823
1810
1824
1811
1825
1812
1826
1813
1827
1814
1828
1829
2160
1816
1830
1817
1831
1818
1832
1819
1833
1820
1834
1821
1835
1822
1836
1823
1837
1824
1838
1825
1839
1826
1840
1827
1841
1828
1842
1829
1843
1844
2175
1831
1845
1832
1846
1833
1847
1834
1848
1835
1849
1836
1850
1837
1851
1838
1852
1839
1853
1840
1854
1841
1855
1842
1856
1843
1857
1844
1858
1859
2190
1846
1860
1847
1861
1848
1862
1849
1863
1850
1864
1851
1865
1852
1866
1853
1867
1854
1868
1855
1869
1856
1870
1857
1871
1858
1872
1859
1873
1874
2205
1861
1875
1862
1876
1863
1877
1864
1878
1865
1879
1866
1880
1867
1881
1868
1882
1869
1883
1870
1884
1871
1885
1872
1886
1873
1887
1874
1888
1889
2220
1876
1890
1877
1891
1878
1892
1879
1893
1880
1894
1881
1895
1882
1896
1883
1897
1884
1898
1885
1899
1886
1900
1887
1901
1888
1902
1889
1903
1904
2235
1891
1905
1892
1906
1893
1907
1894
1908
1895
1909
1896
1910
1897
1911
1898
1912
1899
1913
1900
1914
1901
1915
1902
1916
1903
1917
1904
1918
1919
2250
1906
2424
1907
2425
1908
2426
1909
2427
1910
2428
1911
2429
1912
2430
1913
2431
1914
2432
1915
2433
1916
2434
1917
2435
1918
2436
1919
2437
2265
2438
1921
1935
1922
1936
1923
1937
1924
1938
1925
1939
1926
1940
1927
1941
1928
1942
1929
1943
1930
1944
1931
1945
1932
1946
1933
1947
1934
1948
1949
1936
1950
1937
1951
1938
1952
1939
1953
1940
1954
1941
1955
1942
1956
1943
1957
1944
1958
1945
1959
1946
1960
1947
1961
1948
1962
1949
1963
1964
1951
1965
1952
1966
1953
1967
1954
1968
1955
1969
1956
1970
1957
1971
1958
1972
1959
1973
1960
1974
1961
1975
1962
1976
1963
1977
1964
1978
1979
1966
1980
1967
1981
1968
1982
1969
1983
1970
1984
1971
1985
1972
1986
1973
1987
1974
1988
1975
1989
1976
1990
1977
1991
1978
1992
1979
1993
1994
1981
1995
1982
1996
1983
1997
1984
1998
1985
1999
1986
2000
1987
2001
1988
2002
1989
2003
1990
2004
1991
2005
1992
2006
1993
2007
1994
2008
2009
1996
2010
1997
2011
1998
2012
1999
2013
2000
2014
2001
2015
2002
2016
2003
2017
2004
2018
2005
2019
2006
2020
2007
2021
2008
2022
2009
2023
2024
2011
2025
2012
2026
2013
2027
2014
2028
2015
2029
2016
2030
2017
2031
2018
2032
2019
2033
2020
2034
2021
2035
2022
2036
2023
2037
2024
2038
2039
2026
2040
2027
2041
2028
2042
2029
2043
2030
2044
2031
2045
2032
2046
2033
2047
2034
2048
2035
2049
2036
2050
2037
2051
2038
2052
2039
2053
2054
2041
2055
2042
2056
2043
2057
2044
2058
2045
2059
2046
2060
2047
2061
2048
2062
2049
2063
2050
2064
2051
2065
2052
2066
2053
2067
2054
2068
2069
2056
2070
2057
2071
2058
2072
2059
2073
2060
2074
2061
2075
2062
2076
2063
2077
2064
2078
2065
2079
2066
2080
2067
2081
2068
2082
2069
2083
2084
2071
2085
2072
2086
2073
2087
2074
2088
2075
2089
2076
2090
2077
2091
2078
2092
2079
2093
2080
2094
2081
2095
2082
2096
2083
2097
2084
2098
2099
2086
2100
2087
2101
2088
2102
2089
2103
2090
2104
2091
2105
2092
2106
2093
2107
2094
2108
2095
2109
2096
2110
2097
2111
2098
2112
2099
2113
2114
2101
2115
2102
2116
2103
2117
2104
2118
2105
2119
2106
2120
2107
2121
2108
2122
2109
2123
2110
2124
2111
2125
2112
2126
2113
2127
2114
2128
2129
2116
2130
2117
2131
2118
2132
2119
2133
2120
2134
2121
2135
2122
2136
2123
2137
2124
2138
2125
2139
2126
2140
2127
2141
2128
2142
2129
2143
2144
2131
2145
2132
2146
2133
2147
2134
2148
2135
2149
2136
2150
2137
2151
2138
2152
2139
2153
2140
2154
2141
2155
2142
2156
2143
2157
2144
2158
2159
2146
2160
2147
2161
2148
2162
2149
2163
2150
2164
2151
2165
2152
2166
2153
2167
2154
2168
2155
2169
2156
2170
2157
2171
2158
2172
2159
2173
2174
2161
2175
2162
2176
2163
2177
2164
2178
2165
2179
2166
2180
2167
2181
2168
2182
2169
2183
2170
2184
2171
2185
2172
2186
2173
2187
2174
2188
2189
2176
2190
2177
2191
2178
2192
2179
2193
2180
2194
2181
2195
2182
2196
2183
2197
2184
2198
2185
2199
2186
2200
2187
2201
2188
2202
2189
2203
2204
2191
2205
2192
2206
2193
2207
2194
2208
2195
2209
2196
2210
2197
2211
2198
2212
2199
2213
2200
2214
2201
2215
2202
2216
2203
2217
2204
2218
2219
2206
2220
2207
2221
2208
2222
2209
2223
2210
2224
2211
2225
2212
2226
2213
2227
2214
2228
2215
2229
2216
2230
2217
2231
2218
2232
2219
2233
2234
2221
2235
2222
2236
2223
2237
2224
2238
2225
2239
2226
2240
2227
2241
2228
2242
2229
2243
2230
2244
2231
2245
2232
2246
2233
2247
2234
2248
2249
2236
2250
2237
2251
2238
2252
2239
2253
2240
2254
2241
2255
2242
2256
2243
2257
2244
2258
2245
2259
2246
2260
2247
2261
2248
2262
2249
2263
2264
2251
2265
2252
2266
2253
2267
2254
2268
2255
2269
2256
2270
2257
2271
2258
2272
2259
2273
2260
2274
2261
2275
2262
2276
2263
2277
2264
2278
2279
2266
2559
2267
2560
2268
2561
2269
2562
2270
2563
2271
2564
2272
2565
2273
2566
2274
2567
2275
2568
2276
2569
2277
2570
2278
2571
2279
2572
2573
2281
2289
2424
2282
2290
2439
2283
2291
2454
2284
2292
2469
2285
2293
2484
2286
2294
2499
2287
2295
2514
2288
2296
2529
2297
2544
2290
2298
2291
2299
2292
2300
2293
2301
2294
2302
2295
2303
2296
2304
2297
2305
2306
2299
2307
2300
2308
2301
2309
2302
2310
2303
2311
2304
2312
2305
2313
2306
2314
2315
2308
2316
2309
2317
2310
2318
2311
2319
2312
2320
2313
2321
2314
2322
2315
2323
2324
2317
2325
2318
2326
2319
2327
2320
2328
2321
2329
2322
2330
2323
2331
2324
2332
2333
2326
2334
2327
2335
2328
2336
2329
2337
2330
2338
2331
2339
2332
2340
2333
2341
2342
2335
2343
2336
2344
2337
2345
2338
2346
2339
2347
2340
2348
2341
2349
2342
2350
2351
2344
2352
2345
2353
2346
2354
2347
2355
2348
2356
2349
2357
2350
2358
2351
2359
2360
2353
2361
2354
2362
2355
2363
2356
2364
2357
2365
2358
2366
2359
2367
2360
2368
2369
2362
2370
2363
2371
2364
2372
2365
2373
2366
2374
2367
2375
2368
2376
2369
2377
2378
2371
2379
2372
2380
2373
2381
2374
2382
2375
2383
2376
2384
2377
2385
2378
2386
2387
2380
2388
2381
2389
2382
2390
2383
2391
2384
2392
2385
2393
2386
2394
2387
2395
2396
2389
2397
2390
2398
2391
2399
2392
2400
2393
2401
2394
2402
2395
2403
2396
2404
2405
2398
2406
2399
2407
2400
2408
2401
2409
2402
2410
2403
2411
2404
2412
2405
2413
2414
2407
2415
2408
2416
2409
2417
2410
2418
2411
2419
2412
2420
2413
2421
2414
2422
2423
2416
2417
2418
2419
2420
2421
2422
2423
2425
2439
2426
2440
2427
2441
2428
2442
2429
2443
2430
2444
2431
2445
2432
2446
2433
2447
2434
2448
2435
2449
2436
2450
2437
2451
2438
2452
2453
2559
2440
2454
2441
2455
2442
2456
2443
2457
2444
2458
2445
2459
2446
2460
2447
2461
2448
2462
2449
2463
2450
2464
2451
2465
2452
2466
2453
2467
2468
2574
2455
2469
2456
2470
2457
2471
2458
2472
2459
2473
2460
2474
2461
2475
2462
2476
2463
2477
2464
2478
2465
2479
2466
2480
2467
2481
2468
2482
2483
2589
2470
2484
2471
2485
2472
2486
2473
2487
2474
2488
2475
2489
2476
2490
2477
2491
2478
2492
2479
2493
2480
2494
2481
2495
2482
2496
2483
2497
2498
2604
2485
2499
2486
2500
2487
2501
2488
2502
2489
2503
2490
2504
2491
2505
2492
2506
2493
2507
2494
2508
2495
2509
2496
2510
2497
2511
2498
2512
2513
2619
2500
2514
2501
2515
2502
2516
2503
2517
2504
2518
2505
2519
2506
2520
2507
2521
2508
2522
2509
2523
2510
2524
2511
2525
2512
2526
2513
2527
2528
2634
2515
2529
2516
2530
2517
2531
2518
2532
2519
2533
2520
2534
2521
2535
2522
2536
2523
2537
2524
2538
2525
2539
2526
2540
2527
2541
2528
2542
2543
2649
2530
2544
2531
2545
2532
2546
2533
2547
2534
2548
2535
2549
2536
2550
2537
2551
2538
2552
2539
2553
2540
2554
2541
2555
2542
2556
2543
2557
2558
2664
2545
2546
2547
2548
2549
2550
2551
2552
2553
2554
2555
2556
2557
2558
2679
2560
2574
2561
2575
2562
2576
2563
2577
2564
2578
2565
2579
2566
2580
2567
2581
2568
2582
2569
2583
2570
2584
2571
2585
2572
2586
2573
2587
2588
2575
2589
2576
2590
2577
2591
2578
2592
2579
2593
2580
2594
2581
2595
2582
2596
2583
2597
2584
2598
2585
2599
2586
2600
2587
2601
2588
2602
2603
2590
2604
2591
2605
2592
2606
2593
2607
2594
2608
2595
2609
2596
2610
2597
2611
2598
2612
2599
2613
2600
2614
2601
2615
2602
2616
2603
2617
2618
2605
2619
2606
2620
2607
2621
2608
2622
2609
2623
2610
2624
2611
2625
2612
2626
2613
2627
2614
2628
2615
2629
2616
2630
2617
2631
2618
2632
2633
2620
2634
2621
2635
2622
2636
2623
2637
2624
2638
2625
2639
2626
2640
2627
2641
2628
2642
2629
2643
2630
2644
2631
2645
2632
2646
2633
2647
2648
2635
2649
2636
2650
2637
2651
2638
2652
2639
2653
2640
2654
2641
2655
2642
2656
2643
2657
2644
2658
2645
2659
2646
2660
2647
2661
2648
2662
2663
2650
2664
2651
2665
2652
2666
2653
2667
2654
2668
2655
2669
2656
2670
2657
2671
2658
2672
2659
2673
2660
2674
2661
2675
2662
2676
2663
2677
2678
2665
2679
2666
2680
2667
2681
2668
2682
2669
2683
2670
2684
2671
2685
2672
2686
2673
2687
2674
2688
2675
2689
2676
2690
2677
2691
2678
2692
2693
2680
2681
2682
2683
2684
2685
2686
2687
2688
2689
2690
2691
2692
2693
)


// ************************************************************************* //
