/*--------------------------------*- C++ -*----------------------------------*\
  =========                 |
  \\      /  F ield         | OpenFOAM: The Open Source CFD Toolbox
   \\    /   O peration     | Website:  https://openfoam.org
    \\  /    A nd           | Version:  11
     \\/     M anipulation  |
\*---------------------------------------------------------------------------*/
FoamFile
{
    format      ascii;
    class       labelList;
    note        "nPoints: 5626 nCells: 2694 nFaces: 10894 nInternalFaces: 5270";
    location    "constant/polyMesh";
    object      owner;
}
// * * * * * * * * * * * * * * * * * * * * * * * * * * * * * * * * * * * * * //


10894
(
0
0
1
1
2
2
3
3
4
4
5
5
6
6
7
7
8
8
9
9
10
10
11
11
12
12
13
13
14
14
15
15
16
16
17
17
18
18
19
19
20
20
21
21
22
22
23
23
24
24
25
25
26
26
27
27
28
28
29
29
30
30
31
31
32
32
33
33
34
34
35
35
36
36
37
37
38
38
39
39
40
40
41
41
42
42
43
43
44
44
45
45
46
46
47
47
48
48
49
49
50
50
51
51
52
52
53
53
54
54
55
55
56
56
57
57
58
58
59
59
60
60
61
61
62
62
63
63
64
64
65
65
66
66
67
67
68
68
69
69
70
70
71
71
72
72
73
73
74
74
75
75
76
76
77
77
78
78
79
79
80
80
81
81
82
82
83
83
84
84
85
85
86
86
87
87
88
88
89
89
90
90
91
91
92
92
93
93
94
94
95
95
96
96
97
97
98
98
99
99
100
100
101
101
102
102
103
103
104
104
105
105
106
106
107
107
108
108
109
109
110
110
111
111
112
112
113
113
114
114
115
115
116
116
117
117
118
118
119
119
120
120
121
121
122
122
123
123
124
124
125
125
126
126
127
127
128
128
129
129
130
130
131
131
132
132
133
133
134
134
135
135
136
136
137
137
138
138
139
139
140
140
141
141
142
142
143
143
144
144
145
145
146
146
147
147
148
148
149
149
150
150
151
151
152
152
153
153
154
154
155
155
156
156
157
157
158
158
159
159
160
160
161
161
162
162
163
163
164
164
165
165
166
166
167
167
168
168
169
169
170
170
171
171
172
172
173
173
174
174
175
175
176
176
177
177
178
178
179
179
180
180
181
181
182
182
183
183
184
184
185
185
186
186
187
187
188
188
189
189
190
190
191
191
192
192
193
193
194
194
195
195
196
196
197
197
198
198
199
199
200
200
201
201
202
202
203
203
204
204
205
205
206
206
207
207
208
208
209
209
210
210
211
211
212
212
213
213
214
214
215
215
216
216
217
217
218
218
219
219
220
220
221
221
222
222
223
223
224
224
225
225
226
226
227
227
228
228
229
229
230
230
231
231
232
232
233
233
234
234
235
235
236
236
237
237
238
238
239
239
240
240
241
241
242
242
243
243
244
244
245
245
246
246
247
247
248
248
249
249
250
250
251
251
252
252
253
253
254
254
255
255
256
256
257
257
258
258
259
259
260
260
261
261
262
262
263
263
264
264
265
265
266
266
267
267
268
268
269
269
270
270
271
271
272
272
273
273
274
274
275
275
276
276
277
277
278
278
279
279
280
280
281
281
282
282
283
283
284
284
285
285
286
286
287
287
288
288
289
289
290
290
291
291
292
292
293
293
294
294
295
295
296
296
297
297
298
298
299
299
300
300
301
301
302
302
303
303
304
304
305
305
306
306
307
307
308
308
309
309
310
310
311
311
312
312
313
313
314
314
315
315
316
316
317
317
318
318
319
319
320
320
321
321
322
322
323
323
324
324
325
325
326
326
327
327
328
328
329
329
330
330
331
331
332
332
333
333
334
334
335
335
336
336
337
337
338
338
339
339
340
340
341
341
342
342
343
343
344
344
345
345
346
346
347
347
348
348
349
349
350
350
351
351
352
352
353
353
354
354
355
355
356
356
357
357
358
358
359
359
360
360
361
361
362
362
363
363
364
364
365
365
366
366
367
367
368
368
369
369
370
370
371
371
372
372
373
373
374
374
375
375
376
376
377
377
378
378
379
379
380
380
381
381
382
382
383
383
384
384
385
385
386
386
387
387
388
388
389
389
390
390
391
391
392
392
393
393
394
394
395
395
396
396
397
397
398
398
399
399
400
400
401
401
402
402
403
403
404
404
405
405
406
406
407
407
408
408
409
409
410
410
411
411
412
412
413
413
414
414
415
415
416
416
417
417
418
418
419
419
420
420
421
421
422
422
423
423
424
424
425
425
426
426
427
427
428
428
429
429
430
430
431
431
432
432
433
433
434
434
435
435
436
436
437
437
438
438
439
439
440
440
441
441
442
442
443
443
444
444
445
445
446
446
447
447
448
448
449
449
450
450
451
451
452
452
453
453
454
454
455
455
456
456
457
457
458
458
459
459
460
460
461
461
462
462
463
463
464
464
465
465
466
466
467
467
468
468
469
469
470
470
471
471
472
472
473
473
474
474
475
475
476
476
477
477
478
478
479
479
480
480
481
481
482
482
483
483
484
484
485
485
486
486
487
487
488
488
489
489
490
490
491
491
492
492
493
493
494
494
495
495
496
496
497
497
498
498
499
499
500
500
501
501
502
502
503
503
504
504
505
505
506
506
507
507
508
508
509
509
510
510
511
511
512
512
513
513
514
514
515
515
516
516
517
517
518
518
519
519
520
520
521
521
522
522
523
523
524
524
525
525
526
526
527
527
528
528
529
529
530
530
531
531
532
532
533
533
534
534
535
535
536
536
537
537
538
538
539
539
540
540
541
541
542
542
543
543
544
544
545
545
546
546
547
547
548
548
549
549
550
550
551
551
552
552
553
553
554
554
555
555
556
556
557
557
558
558
559
559
560
560
561
561
562
562
563
563
564
564
565
565
566
566
567
567
568
568
569
569
570
570
571
571
572
572
573
573
574
574
575
575
576
576
577
577
578
578
579
579
580
580
581
581
582
582
583
583
584
584
585
585
586
586
587
587
588
588
589
589
590
590
591
591
592
592
593
593
594
594
595
595
596
596
597
597
598
598
599
599
600
600
601
601
602
602
603
603
604
604
605
605
606
606
607
607
608
608
609
609
610
610
611
611
612
612
613
613
614
614
615
615
616
616
617
617
618
618
619
619
620
620
621
621
622
622
623
623
624
624
625
625
626
626
627
627
628
628
629
629
630
630
631
631
632
632
633
633
634
634
635
635
636
636
637
637
638
638
639
639
640
640
641
641
642
642
643
643
644
644
645
645
646
646
647
647
648
648
649
649
650
650
651
651
652
652
653
653
654
654
655
655
656
656
657
657
658
658
659
659
660
660
661
661
662
662
663
663
664
664
665
665
666
666
667
667
668
668
669
669
670
670
671
671
672
672
673
673
674
674
675
675
676
676
677
677
678
678
679
679
680
680
681
681
682
682
683
683
684
684
685
685
686
686
687
687
688
688
689
689
690
690
691
691
692
692
693
693
694
694
695
695
696
696
697
697
698
698
699
699
700
700
701
701
702
702
703
703
704
704
705
705
706
706
707
707
708
708
709
709
710
710
711
711
712
712
713
713
714
714
715
715
716
716
717
717
718
718
719
719
720
720
721
721
722
722
723
723
724
724
725
725
726
726
727
727
728
728
729
729
730
730
731
731
732
732
733
733
734
734
735
735
736
736
737
737
738
738
739
739
740
740
741
741
742
742
743
743
744
744
745
745
746
746
747
747
748
748
749
749
750
750
751
751
752
752
753
753
754
754
755
755
756
756
757
757
758
758
759
759
760
760
761
761
762
762
763
763
764
764
765
765
766
766
767
767
768
768
769
769
770
770
771
771
772
772
773
773
774
774
775
775
776
776
777
777
778
778
779
779
780
780
781
781
782
782
783
783
784
784
785
785
786
786
787
787
788
788
789
789
790
790
791
791
792
792
793
793
794
794
795
795
796
796
797
797
798
798
799
799
800
800
801
801
802
802
803
803
804
804
805
805
806
806
807
807
808
808
809
809
810
810
811
811
812
812
813
813
814
814
815
815
816
816
817
817
818
818
819
819
820
820
821
821
822
822
823
823
824
824
825
825
826
826
827
827
828
828
829
829
830
830
831
831
832
832
833
833
834
834
835
835
836
836
837
837
838
838
839
839
840
840
841
841
842
842
843
843
844
844
845
845
846
846
847
847
848
848
849
849
850
850
851
851
852
852
853
853
854
854
855
855
856
856
857
857
858
858
859
859
860
860
861
861
862
862
863
863
864
864
865
865
866
866
867
867
868
868
869
869
870
870
871
871
872
872
873
873
874
874
875
875
876
876
877
877
878
878
879
879
880
880
881
881
882
882
883
883
884
884
885
885
886
886
887
887
888
888
889
889
890
890
891
891
892
892
893
893
894
894
895
895
896
896
897
897
898
898
899
899
900
900
901
901
902
902
903
903
904
904
905
905
906
906
907
907
908
908
909
909
910
910
911
911
912
912
913
913
914
914
915
915
916
916
917
917
918
918
919
919
920
920
921
921
922
922
923
923
924
924
925
925
926
926
927
927
928
928
929
929
930
930
931
931
932
932
933
933
934
934
935
935
936
936
937
937
938
938
939
939
940
940
941
941
942
942
943
943
944
944
945
945
946
946
947
947
948
948
949
949
950
950
951
951
952
952
953
953
954
954
955
955
956
956
957
957
958
958
959
959
960
960
961
961
962
962
963
963
964
964
965
965
966
966
967
967
968
968
969
969
970
970
971
971
972
972
973
973
974
974
975
975
976
976
977
977
978
978
979
979
980
980
981
981
982
982
983
983
984
984
985
985
986
986
987
987
988
988
989
989
990
990
991
991
992
992
993
993
994
994
995
995
996
996
997
997
998
998
999
999
1000
1000
1001
1001
1002
1002
1003
1003
1004
1004
1005
1005
1006
1006
1007
1007
1008
1008
1009
1009
1010
1010
1011
1011
1012
1012
1013
1013
1014
1014
1015
1015
1016
1016
1017
1017
1018
1018
1019
1019
1020
1020
1021
1021
1022
1022
1023
1023
1024
1024
1025
1025
1026
1026
1027
1027
1028
1028
1029
1029
1030
1030
1031
1031
1032
1032
1033
1033
1034
1034
1035
1035
1036
1036
1037
1037
1038
1038
1039
1039
1040
1040
1041
1041
1042
1042
1043
1043
1044
1044
1045
1045
1046
1046
1047
1047
1048
1048
1049
1049
1050
1050
1051
1051
1052
1052
1053
1053
1054
1054
1055
1055
1056
1056
1057
1057
1058
1058
1059
1059
1060
1060
1061
1061
1062
1062
1063
1063
1064
1064
1065
1065
1066
1066
1067
1067
1068
1068
1069
1069
1070
1070
1071
1071
1072
1072
1073
1073
1074
1074
1075
1075
1076
1076
1077
1077
1078
1078
1079
1079
1080
1080
1081
1081
1082
1082
1083
1083
1084
1084
1085
1085
1086
1086
1087
1087
1088
1088
1089
1089
1090
1090
1091
1091
1092
1092
1093
1093
1094
1094
1095
1095
1096
1096
1097
1097
1098
1098
1099
1099
1100
1100
1101
1101
1102
1102
1103
1103
1104
1104
1105
1105
1106
1106
1107
1107
1108
1108
1109
1109
1110
1110
1111
1111
1112
1112
1113
1113
1114
1114
1115
1115
1116
1116
1117
1117
1118
1118
1119
1119
1120
1120
1121
1121
1122
1122
1123
1123
1124
1124
1125
1125
1126
1126
1127
1127
1128
1128
1129
1129
1130
1130
1131
1131
1132
1132
1133
1133
1134
1134
1135
1135
1136
1136
1137
1137
1138
1138
1139
1139
1140
1140
1141
1141
1142
1142
1143
1143
1144
1144
1145
1145
1146
1146
1147
1147
1148
1148
1149
1149
1150
1150
1151
1151
1152
1152
1153
1153
1154
1154
1155
1155
1156
1156
1157
1157
1158
1158
1159
1159
1160
1160
1161
1161
1162
1162
1163
1163
1164
1164
1165
1165
1166
1166
1167
1167
1168
1168
1169
1169
1170
1170
1171
1171
1172
1172
1173
1173
1174
1174
1175
1175
1176
1176
1177
1177
1178
1178
1179
1179
1180
1180
1181
1181
1182
1182
1183
1183
1184
1184
1185
1185
1186
1186
1187
1187
1188
1188
1189
1189
1190
1190
1191
1191
1192
1192
1193
1193
1194
1194
1195
1195
1196
1196
1197
1197
1198
1198
1199
1199
1200
1200
1201
1201
1202
1202
1203
1203
1204
1204
1205
1205
1206
1206
1207
1207
1208
1208
1209
1209
1210
1210
1211
1211
1212
1212
1213
1213
1214
1214
1215
1215
1216
1216
1217
1217
1218
1218
1219
1219
1220
1220
1221
1221
1222
1222
1223
1223
1224
1224
1225
1225
1226
1226
1227
1227
1228
1228
1229
1229
1230
1230
1231
1231
1232
1232
1233
1233
1234
1234
1235
1235
1236
1236
1237
1237
1238
1238
1239
1239
1240
1240
1241
1241
1242
1242
1243
1243
1244
1244
1245
1245
1246
1246
1247
1247
1248
1248
1249
1249
1250
1250
1251
1251
1252
1252
1253
1253
1254
1254
1255
1255
1256
1256
1257
1257
1258
1258
1259
1259
1260
1260
1261
1261
1262
1262
1263
1263
1264
1264
1265
1265
1266
1266
1267
1267
1268
1268
1269
1269
1270
1270
1271
1271
1272
1272
1273
1273
1274
1274
1275
1275
1276
1276
1277
1277
1278
1278
1279
1279
1280
1280
1281
1281
1282
1282
1283
1283
1284
1284
1285
1285
1286
1286
1287
1287
1288
1288
1289
1289
1290
1290
1291
1291
1292
1292
1293
1293
1294
1294
1295
1295
1296
1296
1297
1297
1298
1298
1299
1299
1300
1300
1301
1301
1302
1302
1303
1303
1304
1304
1305
1305
1306
1306
1307
1307
1308
1308
1309
1309
1310
1310
1311
1311
1312
1312
1313
1313
1314
1314
1315
1315
1316
1316
1317
1317
1318
1318
1319
1319
1320
1320
1321
1321
1322
1322
1323
1323
1324
1324
1325
1325
1326
1326
1327
1327
1328
1328
1329
1329
1330
1330
1331
1331
1332
1332
1333
1333
1334
1334
1335
1335
1336
1336
1337
1337
1338
1338
1339
1339
1340
1340
1341
1341
1342
1342
1343
1343
1344
1344
1345
1345
1346
1346
1347
1347
1348
1348
1349
1349
1350
1350
1351
1351
1352
1352
1353
1353
1354
1354
1355
1355
1356
1356
1357
1357
1358
1358
1359
1359
1360
1360
1361
1361
1362
1362
1363
1363
1364
1364
1365
1365
1366
1366
1367
1367
1368
1368
1369
1369
1370
1370
1371
1371
1372
1372
1373
1373
1374
1374
1375
1375
1376
1376
1377
1377
1378
1378
1379
1379
1380
1380
1381
1381
1382
1382
1383
1383
1384
1384
1385
1385
1386
1386
1387
1387
1388
1388
1389
1389
1390
1390
1391
1391
1392
1392
1393
1393
1394
1394
1395
1395
1396
1396
1397
1397
1398
1398
1399
1399
1400
1400
1401
1401
1402
1402
1403
1403
1404
1404
1405
1405
1406
1406
1407
1407
1408
1408
1409
1409
1410
1410
1411
1411
1412
1412
1413
1413
1414
1414
1415
1415
1416
1416
1417
1417
1418
1418
1419
1419
1420
1420
1421
1421
1422
1422
1423
1423
1424
1424
1425
1425
1426
1426
1427
1427
1428
1428
1429
1429
1430
1430
1431
1431
1432
1432
1433
1433
1434
1434
1435
1435
1436
1436
1437
1437
1438
1438
1439
1439
1440
1440
1441
1441
1442
1442
1443
1443
1444
1444
1445
1445
1446
1446
1447
1447
1448
1448
1449
1449
1450
1450
1451
1451
1452
1452
1453
1453
1454
1454
1455
1455
1456
1456
1457
1457
1458
1458
1459
1459
1460
1460
1461
1461
1462
1462
1463
1463
1464
1464
1465
1465
1466
1466
1467
1467
1468
1468
1469
1469
1470
1470
1471
1471
1472
1472
1473
1473
1474
1474
1475
1475
1476
1476
1477
1477
1478
1478
1479
1479
1480
1480
1481
1481
1482
1482
1483
1483
1484
1484
1485
1485
1486
1486
1487
1487
1488
1488
1489
1489
1490
1490
1491
1491
1492
1492
1493
1493
1494
1494
1495
1495
1496
1496
1497
1497
1498
1498
1499
1499
1500
1500
1501
1501
1502
1502
1503
1503
1504
1504
1505
1505
1506
1506
1507
1507
1508
1508
1509
1509
1510
1510
1511
1511
1512
1512
1513
1513
1514
1514
1515
1515
1516
1516
1517
1517
1518
1518
1519
1519
1520
1520
1521
1522
1523
1524
1525
1526
1527
1528
1529
1530
1531
1532
1533
1534
1535
1536
1537
1538
1539
1540
1541
1542
1543
1544
1545
1546
1547
1548
1549
1550
1551
1552
1553
1554
1555
1556
1557
1558
1559
1560
1560
1561
1561
1562
1562
1563
1563
1564
1564
1565
1565
1566
1566
1567
1567
1568
1568
1569
1569
1570
1570
1571
1571
1572
1572
1573
1573
1574
1574
1575
1575
1576
1576
1577
1577
1578
1578
1579
1579
1580
1580
1581
1581
1582
1582
1583
1583
1584
1584
1585
1585
1586
1586
1587
1587
1588
1588
1589
1589
1590
1590
1591
1591
1592
1592
1593
1593
1594
1594
1595
1595
1596
1596
1597
1597
1598
1598
1599
1599
1600
1600
1601
1601
1602
1602
1603
1603
1604
1604
1605
1605
1606
1606
1607
1607
1608
1608
1609
1609
1610
1610
1611
1611
1612
1612
1613
1613
1614
1614
1615
1615
1616
1616
1617
1617
1618
1618
1619
1619
1620
1620
1621
1621
1622
1622
1623
1623
1624
1624
1625
1625
1626
1626
1627
1627
1628
1628
1629
1629
1630
1630
1631
1631
1632
1632
1633
1633
1634
1634
1635
1635
1636
1636
1637
1637
1638
1638
1639
1639
1640
1640
1641
1641
1642
1642
1643
1643
1644
1644
1645
1645
1646
1646
1647
1647
1648
1648
1649
1649
1650
1650
1651
1651
1652
1652
1653
1653
1654
1654
1655
1655
1656
1656
1657
1657
1658
1658
1659
1659
1660
1660
1661
1661
1662
1662
1663
1663
1664
1664
1665
1665
1666
1666
1667
1667
1668
1668
1669
1669
1670
1670
1671
1671
1672
1672
1673
1673
1674
1674
1675
1675
1676
1676
1677
1677
1678
1678
1679
1679
1680
1680
1681
1681
1682
1682
1683
1683
1684
1684
1685
1685
1686
1686
1687
1687
1688
1688
1689
1689
1690
1690
1691
1691
1692
1692
1693
1693
1694
1694
1695
1695
1696
1696
1697
1697
1698
1698
1699
1699
1700
1700
1701
1701
1702
1702
1703
1703
1704
1704
1705
1705
1706
1706
1707
1707
1708
1708
1709
1709
1710
1710
1711
1711
1712
1712
1713
1713
1714
1714
1715
1715
1716
1716
1717
1717
1718
1718
1719
1719
1720
1720
1721
1721
1722
1722
1723
1723
1724
1724
1725
1725
1726
1726
1727
1727
1728
1728
1729
1729
1730
1730
1731
1731
1732
1732
1733
1733
1734
1734
1735
1735
1736
1736
1737
1737
1738
1738
1739
1739
1740
1740
1741
1741
1742
1742
1743
1743
1744
1744
1745
1745
1746
1746
1747
1747
1748
1748
1749
1749
1750
1750
1751
1751
1752
1752
1753
1753
1754
1754
1755
1755
1756
1756
1757
1757
1758
1758
1759
1759
1760
1760
1761
1761
1762
1762
1763
1763
1764
1764
1765
1765
1766
1766
1767
1767
1768
1768
1769
1769
1770
1770
1771
1771
1772
1772
1773
1773
1774
1774
1775
1775
1776
1776
1777
1777
1778
1778
1779
1779
1780
1780
1781
1781
1782
1782
1783
1783
1784
1784
1785
1785
1786
1786
1787
1787
1788
1788
1789
1789
1790
1790
1791
1791
1792
1792
1793
1793
1794
1794
1795
1795
1796
1796
1797
1797
1798
1798
1799
1799
1800
1800
1801
1801
1802
1802
1803
1803
1804
1804
1805
1805
1806
1806
1807
1807
1808
1808
1809
1809
1810
1810
1811
1811
1812
1812
1813
1813
1814
1814
1815
1815
1816
1816
1817
1817
1818
1818
1819
1819
1820
1820
1821
1821
1822
1822
1823
1823
1824
1824
1825
1825
1826
1826
1827
1827
1828
1828
1829
1829
1830
1830
1831
1831
1832
1832
1833
1833
1834
1834
1835
1835
1836
1836
1837
1837
1838
1838
1839
1839
1840
1840
1841
1841
1842
1842
1843
1843
1844
1844
1845
1845
1846
1846
1847
1847
1848
1848
1849
1849
1850
1850
1851
1851
1852
1852
1853
1853
1854
1854
1855
1855
1856
1856
1857
1857
1858
1858
1859
1859
1860
1860
1861
1861
1862
1862
1863
1863
1864
1864
1865
1865
1866
1866
1867
1867
1868
1868
1869
1869
1870
1870
1871
1871
1872
1872
1873
1873
1874
1874
1875
1875
1876
1876
1877
1877
1878
1878
1879
1879
1880
1880
1881
1881
1882
1882
1883
1883
1884
1884
1885
1885
1886
1886
1887
1887
1888
1888
1889
1889
1890
1890
1891
1891
1892
1892
1893
1893
1894
1894
1895
1895
1896
1896
1897
1897
1898
1898
1899
1899
1900
1900
1901
1901
1902
1902
1903
1903
1904
1904
1905
1905
1906
1906
1907
1907
1908
1908
1909
1909
1910
1910
1911
1911
1912
1912
1913
1913
1914
1914
1915
1915
1916
1916
1917
1917
1918
1918
1919
1919
1920
1920
1921
1921
1922
1922
1923
1923
1924
1924
1925
1925
1926
1926
1927
1927
1928
1928
1929
1929
1930
1930
1931
1931
1932
1932
1933
1933
1934
1935
1935
1936
1936
1937
1937
1938
1938
1939
1939
1940
1940
1941
1941
1942
1942
1943
1943
1944
1944
1945
1945
1946
1946
1947
1947
1948
1948
1949
1950
1950
1951
1951
1952
1952
1953
1953
1954
1954
1955
1955
1956
1956
1957
1957
1958
1958
1959
1959
1960
1960
1961
1961
1962
1962
1963
1963
1964
1965
1965
1966
1966
1967
1967
1968
1968
1969
1969
1970
1970
1971
1971
1972
1972
1973
1973
1974
1974
1975
1975
1976
1976
1977
1977
1978
1978
1979
1980
1980
1981
1981
1982
1982
1983
1983
1984
1984
1985
1985
1986
1986
1987
1987
1988
1988
1989
1989
1990
1990
1991
1991
1992
1992
1993
1993
1994
1995
1995
1996
1996
1997
1997
1998
1998
1999
1999
2000
2000
2001
2001
2002
2002
2003
2003
2004
2004
2005
2005
2006
2006
2007
2007
2008
2008
2009
2010
2010
2011
2011
2012
2012
2013
2013
2014
2014
2015
2015
2016
2016
2017
2017
2018
2018
2019
2019
2020
2020
2021
2021
2022
2022
2023
2023
2024
2025
2025
2026
2026
2027
2027
2028
2028
2029
2029
2030
2030
2031
2031
2032
2032
2033
2033
2034
2034
2035
2035
2036
2036
2037
2037
2038
2038
2039
2040
2040
2041
2041
2042
2042
2043
2043
2044
2044
2045
2045
2046
2046
2047
2047
2048
2048
2049
2049
2050
2050
2051
2051
2052
2052
2053
2053
2054
2055
2055
2056
2056
2057
2057
2058
2058
2059
2059
2060
2060
2061
2061
2062
2062
2063
2063
2064
2064
2065
2065
2066
2066
2067
2067
2068
2068
2069
2070
2070
2071
2071
2072
2072
2073
2073
2074
2074
2075
2075
2076
2076
2077
2077
2078
2078
2079
2079
2080
2080
2081
2081
2082
2082
2083
2083
2084
2085
2085
2086
2086
2087
2087
2088
2088
2089
2089
2090
2090
2091
2091
2092
2092
2093
2093
2094
2094
2095
2095
2096
2096
2097
2097
2098
2098
2099
2100
2100
2101
2101
2102
2102
2103
2103
2104
2104
2105
2105
2106
2106
2107
2107
2108
2108
2109
2109
2110
2110
2111
2111
2112
2112
2113
2113
2114
2115
2115
2116
2116
2117
2117
2118
2118
2119
2119
2120
2120
2121
2121
2122
2122
2123
2123
2124
2124
2125
2125
2126
2126
2127
2127
2128
2128
2129
2130
2130
2131
2131
2132
2132
2133
2133
2134
2134
2135
2135
2136
2136
2137
2137
2138
2138
2139
2139
2140
2140
2141
2141
2142
2142
2143
2143
2144
2145
2145
2146
2146
2147
2147
2148
2148
2149
2149
2150
2150
2151
2151
2152
2152
2153
2153
2154
2154
2155
2155
2156
2156
2157
2157
2158
2158
2159
2160
2160
2161
2161
2162
2162
2163
2163
2164
2164
2165
2165
2166
2166
2167
2167
2168
2168
2169
2169
2170
2170
2171
2171
2172
2172
2173
2173
2174
2175
2175
2176
2176
2177
2177
2178
2178
2179
2179
2180
2180
2181
2181
2182
2182
2183
2183
2184
2184
2185
2185
2186
2186
2187
2187
2188
2188
2189
2190
2190
2191
2191
2192
2192
2193
2193
2194
2194
2195
2195
2196
2196
2197
2197
2198
2198
2199
2199
2200
2200
2201
2201
2202
2202
2203
2203
2204
2205
2205
2206
2206
2207
2207
2208
2208
2209
2209
2210
2210
2211
2211
2212
2212
2213
2213
2214
2214
2215
2215
2216
2216
2217
2217
2218
2218
2219
2220
2220
2221
2221
2222
2222
2223
2223
2224
2224
2225
2225
2226
2226
2227
2227
2228
2228
2229
2229
2230
2230
2231
2231
2232
2232
2233
2233
2234
2235
2235
2236
2236
2237
2237
2238
2238
2239
2239
2240
2240
2241
2241
2242
2242
2243
2243
2244
2244
2245
2245
2246
2246
2247
2247
2248
2248
2249
2250
2250
2251
2251
2252
2252
2253
2253
2254
2254
2255
2255
2256
2256
2257
2257
2258
2258
2259
2259
2260
2260
2261
2261
2262
2262
2263
2263
2264
2265
2265
2266
2266
2267
2267
2268
2268
2269
2269
2270
2270
2271
2271
2272
2272
2273
2273
2274
2274
2275
2275
2276
2276
2277
2277
2278
2278
2279
2280
2280
2280
2281
2281
2281
2282
2282
2282
2283
2283
2283
2284
2284
2284
2285
2285
2285
2286
2286
2286
2287
2287
2287
2288
2288
2289
2289
2290
2290
2291
2291
2292
2292
2293
2293
2294
2294
2295
2295
2296
2296
2297
2298
2298
2299
2299
2300
2300
2301
2301
2302
2302
2303
2303
2304
2304
2305
2305
2306
2307
2307
2308
2308
2309
2309
2310
2310
2311
2311
2312
2312
2313
2313
2314
2314
2315
2316
2316
2317
2317
2318
2318
2319
2319
2320
2320
2321
2321
2322
2322
2323
2323
2324
2325
2325
2326
2326
2327
2327
2328
2328
2329
2329
2330
2330
2331
2331
2332
2332
2333
2334
2334
2335
2335
2336
2336
2337
2337
2338
2338
2339
2339
2340
2340
2341
2341
2342
2343
2343
2344
2344
2345
2345
2346
2346
2347
2347
2348
2348
2349
2349
2350
2350
2351
2352
2352
2353
2353
2354
2354
2355
2355
2356
2356
2357
2357
2358
2358
2359
2359
2360
2361
2361
2362
2362
2363
2363
2364
2364
2365
2365
2366
2366
2367
2367
2368
2368
2369
2370
2370
2371
2371
2372
2372
2373
2373
2374
2374
2375
2375
2376
2376
2377
2377
2378
2379
2379
2380
2380
2381
2381
2382
2382
2383
2383
2384
2384
2385
2385
2386
2386
2387
2388
2388
2389
2389
2390
2390
2391
2391
2392
2392
2393
2393
2394
2394
2395
2395
2396
2397
2397
2398
2398
2399
2399
2400
2400
2401
2401
2402
2402
2403
2403
2404
2404
2405
2406
2406
2407
2407
2408
2408
2409
2409
2410
2410
2411
2411
2412
2412
2413
2413
2414
2415
2416
2417
2418
2419
2420
2421
2422
2424
2424
2425
2425
2426
2426
2427
2427
2428
2428
2429
2429
2430
2430
2431
2431
2432
2432
2433
2433
2434
2434
2435
2435
2436
2436
2437
2437
2438
2438
2439
2439
2440
2440
2441
2441
2442
2442
2443
2443
2444
2444
2445
2445
2446
2446
2447
2447
2448
2448
2449
2449
2450
2450
2451
2451
2452
2452
2453
2453
2454
2454
2455
2455
2456
2456
2457
2457
2458
2458
2459
2459
2460
2460
2461
2461
2462
2462
2463
2463
2464
2464
2465
2465
2466
2466
2467
2467
2468
2468
2469
2469
2470
2470
2471
2471
2472
2472
2473
2473
2474
2474
2475
2475
2476
2476
2477
2477
2478
2478
2479
2479
2480
2480
2481
2481
2482
2482
2483
2483
2484
2484
2485
2485
2486
2486
2487
2487
2488
2488
2489
2489
2490
2490
2491
2491
2492
2492
2493
2493
2494
2494
2495
2495
2496
2496
2497
2497
2498
2498
2499
2499
2500
2500
2501
2501
2502
2502
2503
2503
2504
2504
2505
2505
2506
2506
2507
2507
2508
2508
2509
2509
2510
2510
2511
2511
2512
2512
2513
2513
2514
2514
2515
2515
2516
2516
2517
2517
2518
2518
2519
2519
2520
2520
2521
2521
2522
2522
2523
2523
2524
2524
2525
2525
2526
2526
2527
2527
2528
2528
2529
2529
2530
2530
2531
2531
2532
2532
2533
2533
2534
2534
2535
2535
2536
2536
2537
2537
2538
2538
2539
2539
2540
2540
2541
2541
2542
2542
2543
2543
2544
2545
2546
2547
2548
2549
2550
2551
2552
2553
2554
2555
2556
2557
2558
2559
2559
2560
2560
2561
2561
2562
2562
2563
2563
2564
2564
2565
2565
2566
2566
2567
2567
2568
2568
2569
2569
2570
2570
2571
2571
2572
2572
2573
2574
2574
2575
2575
2576
2576
2577
2577
2578
2578
2579
2579
2580
2580
2581
2581
2582
2582
2583
2583
2584
2584
2585
2585
2586
2586
2587
2587
2588
2589
2589
2590
2590
2591
2591
2592
2592
2593
2593
2594
2594
2595
2595
2596
2596
2597
2597
2598
2598
2599
2599
2600
2600
2601
2601
2602
2602
2603
2604
2604
2605
2605
2606
2606
2607
2607
2608
2608
2609
2609
2610
2610
2611
2611
2612
2612
2613
2613
2614
2614
2615
2615
2616
2616
2617
2617
2618
2619
2619
2620
2620
2621
2621
2622
2622
2623
2623
2624
2624
2625
2625
2626
2626
2627
2627
2628
2628
2629
2629
2630
2630
2631
2631
2632
2632
2633
2634
2634
2635
2635
2636
2636
2637
2637
2638
2638
2639
2639
2640
2640
2641
2641
2642
2642
2643
2643
2644
2644
2645
2645
2646
2646
2647
2647
2648
2649
2649
2650
2650
2651
2651
2652
2652
2653
2653
2654
2654
2655
2655
2656
2656
2657
2657
2658
2658
2659
2659
2660
2660
2661
2661
2662
2662
2663
2664
2664
2665
2665
2666
2666
2667
2667
2668
2668
2669
2669
2670
2670
2671
2671
2672
2672
2673
2673
2674
2674
2675
2675
2676
2676
2677
2677
2678
2679
2680
2681
2682
2683
2684
2685
2686
2687
2688
2689
2690
2691
2692
2288
2297
2306
2315
2324
2333
2342
2351
2360
2369
2378
2387
2396
2405
2414
2423
2544
2545
2546
2547
2548
2549
2550
2551
2552
2553
2554
2555
2556
2557
2558
2679
2680
2681
2682
2683
2684
2685
2686
2687
2688
2689
2690
2691
2692
2693
1934
1949
1964
1979
1994
2009
2024
2039
2054
2069
2084
2099
2114
2129
2144
2159
2174
2189
2204
2219
2234
2249
2264
2279
2573
2588
2603
2618
2633
2648
2663
2678
2693
0
39
78
117
156
195
234
273
312
351
390
429
468
507
546
585
624
663
702
741
780
819
858
897
936
975
1014
1053
1092
1131
1170
1209
1248
1287
1326
1365
1404
1443
1482
1521
0
1
2
3
4
5
6
7
8
9
10
11
12
13
14
15
16
17
18
19
20
21
22
23
24
25
26
27
28
29
30
31
32
33
34
35
36
37
38
0
39
78
117
156
195
234
273
312
351
390
429
468
507
546
585
624
663
702
741
780
819
858
897
1
40
79
118
157
196
235
274
313
352
391
430
469
508
547
586
625
664
703
742
781
820
859
898
2
41
80
119
158
197
236
275
314
353
392
431
470
509
548
587
626
665
704
743
782
821
860
899
3
42
81
120
159
198
237
276
315
354
393
432
471
510
549
588
627
666
705
744
783
822
861
900
4
43
82
121
160
199
238
277
316
355
394
433
472
511
550
589
628
667
706
745
784
823
862
901
5
44
83
122
161
200
239
278
317
356
395
434
473
512
551
590
629
668
707
746
785
824
863
902
6
45
84
123
162
201
240
279
318
357
396
435
474
513
552
591
630
669
708
747
786
825
864
903
7
46
85
124
163
202
241
280
319
358
397
436
475
514
553
592
631
670
709
748
787
826
865
904
8
47
86
125
164
203
242
281
320
359
398
437
476
515
554
593
632
671
710
749
788
827
866
905
9
48
87
126
165
204
243
282
321
360
399
438
477
516
555
594
633
672
711
750
789
828
867
906
10
49
88
127
166
205
244
283
322
361
400
439
478
517
556
595
634
673
712
751
790
829
868
907
11
50
89
128
167
206
245
284
323
362
401
440
479
518
557
596
635
674
713
752
791
830
869
908
12
51
90
129
168
207
246
285
324
363
402
441
480
519
558
597
636
675
714
753
792
831
870
909
13
52
91
130
169
208
247
286
325
364
403
442
481
520
559
598
637
676
715
754
793
832
871
910
14
53
92
131
170
209
248
287
326
365
404
443
482
521
560
599
638
677
716
755
794
833
872
911
15
54
93
132
171
210
249
288
327
366
405
444
483
522
561
600
639
678
717
756
795
834
873
912
16
55
94
133
172
211
250
289
328
367
406
445
484
523
562
601
640
679
718
757
796
835
874
913
17
56
95
134
173
212
251
290
329
368
407
446
485
524
563
602
641
680
719
758
797
836
875
914
18
57
96
135
174
213
252
291
330
369
408
447
486
525
564
603
642
681
720
759
798
837
876
915
19
58
97
136
175
214
253
292
331
370
409
448
487
526
565
604
643
682
721
760
799
838
877
916
20
59
98
137
176
215
254
293
332
371
410
449
488
527
566
605
644
683
722
761
800
839
878
917
21
60
99
138
177
216
255
294
333
372
411
450
489
528
567
606
645
684
723
762
801
840
879
918
22
61
100
139
178
217
256
295
334
373
412
451
490
529
568
607
646
685
724
763
802
841
880
919
23
62
101
140
179
218
257
296
335
374
413
452
491
530
569
608
647
686
725
764
803
842
881
920
24
63
102
141
180
219
258
297
336
375
414
453
492
531
570
609
648
687
726
765
804
843
882
921
25
64
103
142
181
220
259
298
337
376
415
454
493
532
571
610
649
688
727
766
805
844
883
922
26
65
104
143
182
221
260
299
338
377
416
455
494
533
572
611
650
689
728
767
806
845
884
923
27
66
105
144
183
222
261
300
339
378
417
456
495
534
573
612
651
690
729
768
807
846
885
924
28
67
106
145
184
223
262
301
340
379
418
457
496
535
574
613
652
691
730
769
808
847
886
925
29
68
107
146
185
224
263
302
341
380
419
458
497
536
575
614
653
692
731
770
809
848
887
926
30
69
108
147
186
225
264
303
342
381
420
459
498
537
576
615
654
693
732
771
810
849
888
927
31
70
109
148
187
226
265
304
343
382
421
460
499
538
577
616
655
694
733
772
811
850
889
928
32
71
110
149
188
227
266
305
344
383
422
461
500
539
578
617
656
695
734
773
812
851
890
929
33
72
111
150
189
228
267
306
345
384
423
462
501
540
579
618
657
696
735
774
813
852
891
930
34
73
112
151
190
229
268
307
346
385
424
463
502
541
580
619
658
697
736
775
814
853
892
931
35
74
113
152
191
230
269
308
347
386
425
464
503
542
581
620
659
698
737
776
815
854
893
932
36
75
114
153
192
231
270
309
348
387
426
465
504
543
582
621
660
699
738
777
816
855
894
933
37
76
115
154
193
232
271
310
349
388
427
466
505
544
583
622
661
700
739
778
817
856
895
934
38
77
116
155
194
233
272
311
350
389
428
467
506
545
584
623
662
701
740
779
818
857
896
935
0
39
78
117
156
195
234
273
312
351
390
429
468
507
546
585
624
663
702
741
780
819
858
897
1
40
79
118
157
196
235
274
313
352
391
430
469
508
547
586
625
664
703
742
781
820
859
898
2
41
80
119
158
197
236
275
314
353
392
431
470
509
548
587
626
665
704
743
782
821
860
899
3
42
81
120
159
198
237
276
315
354
393
432
471
510
549
588
627
666
705
744
783
822
861
900
4
43
82
121
160
199
238
277
316
355
394
433
472
511
550
589
628
667
706
745
784
823
862
901
5
44
83
122
161
200
239
278
317
356
395
434
473
512
551
590
629
668
707
746
785
824
863
902
6
45
84
123
162
201
240
279
318
357
396
435
474
513
552
591
630
669
708
747
786
825
864
903
7
46
85
124
163
202
241
280
319
358
397
436
475
514
553
592
631
670
709
748
787
826
865
904
8
47
86
125
164
203
242
281
320
359
398
437
476
515
554
593
632
671
710
749
788
827
866
905
9
48
87
126
165
204
243
282
321
360
399
438
477
516
555
594
633
672
711
750
789
828
867
906
10
49
88
127
166
205
244
283
322
361
400
439
478
517
556
595
634
673
712
751
790
829
868
907
11
50
89
128
167
206
245
284
323
362
401
440
479
518
557
596
635
674
713
752
791
830
869
908
12
51
90
129
168
207
246
285
324
363
402
441
480
519
558
597
636
675
714
753
792
831
870
909
13
52
91
130
169
208
247
286
325
364
403
442
481
520
559
598
637
676
715
754
793
832
871
910
14
53
92
131
170
209
248
287
326
365
404
443
482
521
560
599
638
677
716
755
794
833
872
911
15
54
93
132
171
210
249
288
327
366
405
444
483
522
561
600
639
678
717
756
795
834
873
912
16
55
94
133
172
211
250
289
328
367
406
445
484
523
562
601
640
679
718
757
796
835
874
913
17
56
95
134
173
212
251
290
329
368
407
446
485
524
563
602
641
680
719
758
797
836
875
914
18
57
96
135
174
213
252
291
330
369
408
447
486
525
564
603
642
681
720
759
798
837
876
915
19
58
97
136
175
214
253
292
331
370
409
448
487
526
565
604
643
682
721
760
799
838
877
916
20
59
98
137
176
215
254
293
332
371
410
449
488
527
566
605
644
683
722
761
800
839
878
917
21
60
99
138
177
216
255
294
333
372
411
450
489
528
567
606
645
684
723
762
801
840
879
918
22
61
100
139
178
217
256
295
334
373
412
451
490
529
568
607
646
685
724
763
802
841
880
919
23
62
101
140
179
218
257
296
335
374
413
452
491
530
569
608
647
686
725
764
803
842
881
920
24
63
102
141
180
219
258
297
336
375
414
453
492
531
570
609
648
687
726
765
804
843
882
921
25
64
103
142
181
220
259
298
337
376
415
454
493
532
571
610
649
688
727
766
805
844
883
922
26
65
104
143
182
221
260
299
338
377
416
455
494
533
572
611
650
689
728
767
806
845
884
923
27
66
105
144
183
222
261
300
339
378
417
456
495
534
573
612
651
690
729
768
807
846
885
924
28
67
106
145
184
223
262
301
340
379
418
457
496
535
574
613
652
691
730
769
808
847
886
925
29
68
107
146
185
224
263
302
341
380
419
458
497
536
575
614
653
692
731
770
809
848
887
926
30
69
108
147
186
225
264
303
342
381
420
459
498
537
576
615
654
693
732
771
810
849
888
927
31
70
109
148
187
226
265
304
343
382
421
460
499
538
577
616
655
694
733
772
811
850
889
928
32
71
110
149
188
227
266
305
344
383
422
461
500
539
578
617
656
695
734
773
812
851
890
929
33
72
111
150
189
228
267
306
345
384
423
462
501
540
579
618
657
696
735
774
813
852
891
930
34
73
112
151
190
229
268
307
346
385
424
463
502
541
580
619
658
697
736
775
814
853
892
931
35
74
113
152
191
230
269
308
347
386
425
464
503
542
581
620
659
698
737
776
815
854
893
932
36
75
114
153
192
231
270
309
348
387
426
465
504
543
582
621
660
699
738
777
816
855
894
933
37
76
115
154
193
232
271
310
349
388
427
466
505
544
583
622
661
700
739
778
817
856
895
934
38
77
116
155
194
233
272
311
350
389
428
467
506
545
584
623
662
701
740
779
818
857
896
935
1521
1522
1523
1524
1525
1526
1527
1528
1529
1530
1531
1532
1533
1534
1535
1536
1537
1538
1539
1540
1541
1542
1543
1544
1545
1546
1547
1548
1549
1550
1551
1552
1553
1554
1555
1556
1557
1558
1559
936
975
1014
1053
1092
1131
1170
1209
1248
1287
1326
1365
1404
1443
1482
1521
937
976
1015
1054
1093
1132
1171
1210
1249
1288
1327
1366
1405
1444
1483
1522
938
977
1016
1055
1094
1133
1172
1211
1250
1289
1328
1367
1406
1445
1484
1523
939
978
1017
1056
1095
1134
1173
1212
1251
1290
1329
1368
1407
1446
1485
1524
940
979
1018
1057
1096
1135
1174
1213
1252
1291
1330
1369
1408
1447
1486
1525
941
980
1019
1058
1097
1136
1175
1214
1253
1292
1331
1370
1409
1448
1487
1526
942
981
1020
1059
1098
1137
1176
1215
1254
1293
1332
1371
1410
1449
1488
1527
943
982
1021
1060
1099
1138
1177
1216
1255
1294
1333
1372
1411
1450
1489
1528
944
983
1022
1061
1100
1139
1178
1217
1256
1295
1334
1373
1412
1451
1490
1529
945
984
1023
1062
1101
1140
1179
1218
1257
1296
1335
1374
1413
1452
1491
1530
946
985
1024
1063
1102
1141
1180
1219
1258
1297
1336
1375
1414
1453
1492
1531
947
986
1025
1064
1103
1142
1181
1220
1259
1298
1337
1376
1415
1454
1493
1532
948
987
1026
1065
1104
1143
1182
1221
1260
1299
1338
1377
1416
1455
1494
1533
949
988
1027
1066
1105
1144
1183
1222
1261
1300
1339
1378
1417
1456
1495
1534
950
989
1028
1067
1106
1145
1184
1223
1262
1301
1340
1379
1418
1457
1496
1535
951
990
1029
1068
1107
1146
1185
1224
1263
1302
1341
1380
1419
1458
1497
1536
952
991
1030
1069
1108
1147
1186
1225
1264
1303
1342
1381
1420
1459
1498
1537
953
992
1031
1070
1109
1148
1187
1226
1265
1304
1343
1382
1421
1460
1499
1538
954
993
1032
1071
1110
1149
1188
1227
1266
1305
1344
1383
1422
1461
1500
1539
955
994
1033
1072
1111
1150
1189
1228
1267
1306
1345
1384
1423
1462
1501
1540
956
995
1034
1073
1112
1151
1190
1229
1268
1307
1346
1385
1424
1463
1502
1541
957
996
1035
1074
1113
1152
1191
1230
1269
1308
1347
1386
1425
1464
1503
1542
958
997
1036
1075
1114
1153
1192
1231
1270
1309
1348
1387
1426
1465
1504
1543
959
998
1037
1076
1115
1154
1193
1232
1271
1310
1349
1388
1427
1466
1505
1544
960
999
1038
1077
1116
1155
1194
1233
1272
1311
1350
1389
1428
1467
1506
1545
961
1000
1039
1078
1117
1156
1195
1234
1273
1312
1351
1390
1429
1468
1507
1546
962
1001
1040
1079
1118
1157
1196
1235
1274
1313
1352
1391
1430
1469
1508
1547
963
1002
1041
1080
1119
1158
1197
1236
1275
1314
1353
1392
1431
1470
1509
1548
964
1003
1042
1081
1120
1159
1198
1237
1276
1315
1354
1393
1432
1471
1510
1549
965
1004
1043
1082
1121
1160
1199
1238
1277
1316
1355
1394
1433
1472
1511
1550
966
1005
1044
1083
1122
1161
1200
1239
1278
1317
1356
1395
1434
1473
1512
1551
967
1006
1045
1084
1123
1162
1201
1240
1279
1318
1357
1396
1435
1474
1513
1552
968
1007
1046
1085
1124
1163
1202
1241
1280
1319
1358
1397
1436
1475
1514
1553
969
1008
1047
1086
1125
1164
1203
1242
1281
1320
1359
1398
1437
1476
1515
1554
970
1009
1048
1087
1126
1165
1204
1243
1282
1321
1360
1399
1438
1477
1516
1555
971
1010
1049
1088
1127
1166
1205
1244
1283
1322
1361
1400
1439
1478
1517
1556
972
1011
1050
1089
1128
1167
1206
1245
1284
1323
1362
1401
1440
1479
1518
1557
973
1012
1051
1090
1129
1168
1207
1246
1285
1324
1363
1402
1441
1480
1519
1558
974
1013
1052
1091
1130
1169
1208
1247
1286
1325
1364
1403
1442
1481
1520
1559
936
975
1014
1053
1092
1131
1170
1209
1248
1287
1326
1365
1404
1443
1482
1521
937
976
1015
1054
1093
1132
1171
1210
1249
1288
1327
1366
1405
1444
1483
1522
938
977
1016
1055
1094
1133
1172
1211
1250
1289
1328
1367
1406
1445
1484
1523
939
978
1017
1056
1095
1134
1173
1212
1251
1290
1329
1368
1407
1446
1485
1524
940
979
1018
1057
1096
1135
1174
1213
1252
1291
1330
1369
1408
1447
1486
1525
941
980
1019
1058
1097
1136
1175
1214
1253
1292
1331
1370
1409
1448
1487
1526
942
981
1020
1059
1098
1137
1176
1215
1254
1293
1332
1371
1410
1449
1488
1527
943
982
1021
1060
1099
1138
1177
1216
1255
1294
1333
1372
1411
1450
1489
1528
944
983
1022
1061
1100
1139
1178
1217
1256
1295
1334
1373
1412
1451
1490
1529
945
984
1023
1062
1101
1140
1179
1218
1257
1296
1335
1374
1413
1452
1491
1530
946
985
1024
1063
1102
1141
1180
1219
1258
1297
1336
1375
1414
1453
1492
1531
947
986
1025
1064
1103
1142
1181
1220
1259
1298
1337
1376
1415
1454
1493
1532
948
987
1026
1065
1104
1143
1182
1221
1260
1299
1338
1377
1416
1455
1494
1533
949
988
1027
1066
1105
1144
1183
1222
1261
1300
1339
1378
1417
1456
1495
1534
950
989
1028
1067
1106
1145
1184
1223
1262
1301
1340
1379
1418
1457
1496
1535
951
990
1029
1068
1107
1146
1185
1224
1263
1302
1341
1380
1419
1458
1497
1536
952
991
1030
1069
1108
1147
1186
1225
1264
1303
1342
1381
1420
1459
1498
1537
953
992
1031
1070
1109
1148
1187
1226
1265
1304
1343
1382
1421
1460
1499
1538
954
993
1032
1071
1110
1149
1188
1227
1266
1305
1344
1383
1422
1461
1500
1539
955
994
1033
1072
1111
1150
1189
1228
1267
1306
1345
1384
1423
1462
1501
1540
956
995
1034
1073
1112
1151
1190
1229
1268
1307
1346
1385
1424
1463
1502
1541
957
996
1035
1074
1113
1152
1191
1230
1269
1308
1347
1386
1425
1464
1503
1542
958
997
1036
1075
1114
1153
1192
1231
1270
1309
1348
1387
1426
1465
1504
1543
959
998
1037
1076
1115
1154
1193
1232
1271
1310
1349
1388
1427
1466
1505
1544
960
999
1038
1077
1116
1155
1194
1233
1272
1311
1350
1389
1428
1467
1506
1545
961
1000
1039
1078
1117
1156
1195
1234
1273
1312
1351
1390
1429
1468
1507
1546
962
1001
1040
1079
1118
1157
1196
1235
1274
1313
1352
1391
1430
1469
1508
1547
963
1002
1041
1080
1119
1158
1197
1236
1275
1314
1353
1392
1431
1470
1509
1548
964
1003
1042
1081
1120
1159
1198
1237
1276
1315
1354
1393
1432
1471
1510
1549
965
1004
1043
1082
1121
1160
1199
1238
1277
1316
1355
1394
1433
1472
1511
1550
966
1005
1044
1083
1122
1161
1200
1239
1278
1317
1356
1395
1434
1473
1512
1551
967
1006
1045
1084
1123
1162
1201
1240
1279
1318
1357
1396
1435
1474
1513
1552
968
1007
1046
1085
1124
1163
1202
1241
1280
1319
1358
1397
1436
1475
1514
1553
969
1008
1047
1086
1125
1164
1203
1242
1281
1320
1359
1398
1437
1476
1515
1554
970
1009
1048
1087
1126
1165
1204
1243
1282
1321
1360
1399
1438
1477
1516
1555
971
1010
1049
1088
1127
1166
1205
1244
1283
1322
1361
1400
1439
1478
1517
1556
972
1011
1050
1089
1128
1167
1206
1245
1284
1323
1362
1401
1440
1479
1518
1557
973
1012
1051
1090
1129
1168
1207
1246
1285
1324
1363
1402
1441
1480
1519
1558
974
1013
1052
1091
1130
1169
1208
1247
1286
1325
1364
1403
1442
1481
1520
1559
1560
1561
1562
1563
1564
1565
1566
1567
1568
1569
1570
1571
1572
1573
1574
1560
1575
1590
1605
1620
1635
1650
1665
1680
1695
1710
1725
1740
1755
1770
1785
1800
1815
1830
1845
1860
1875
1890
1905
1561
1576
1591
1606
1621
1636
1651
1666
1681
1696
1711
1726
1741
1756
1771
1786
1801
1816
1831
1846
1861
1876
1891
1906
1562
1577
1592
1607
1622
1637
1652
1667
1682
1697
1712
1727
1742
1757
1772
1787
1802
1817
1832
1847
1862
1877
1892
1907
1563
1578
1593
1608
1623
1638
1653
1668
1683
1698
1713
1728
1743
1758
1773
1788
1803
1818
1833
1848
1863
1878
1893
1908
1564
1579
1594
1609
1624
1639
1654
1669
1684
1699
1714
1729
1744
1759
1774
1789
1804
1819
1834
1849
1864
1879
1894
1909
1565
1580
1595
1610
1625
1640
1655
1670
1685
1700
1715
1730
1745
1760
1775
1790
1805
1820
1835
1850
1865
1880
1895
1910
1566
1581
1596
1611
1626
1641
1656
1671
1686
1701
1716
1731
1746
1761
1776
1791
1806
1821
1836
1851
1866
1881
1896
1911
1567
1582
1597
1612
1627
1642
1657
1672
1687
1702
1717
1732
1747
1762
1777
1792
1807
1822
1837
1852
1867
1882
1897
1912
1568
1583
1598
1613
1628
1643
1658
1673
1688
1703
1718
1733
1748
1763
1778
1793
1808
1823
1838
1853
1868
1883
1898
1913
1569
1584
1599
1614
1629
1644
1659
1674
1689
1704
1719
1734
1749
1764
1779
1794
1809
1824
1839
1854
1869
1884
1899
1914
1570
1585
1600
1615
1630
1645
1660
1675
1690
1705
1720
1735
1750
1765
1780
1795
1810
1825
1840
1855
1870
1885
1900
1915
1571
1586
1601
1616
1631
1646
1661
1676
1691
1706
1721
1736
1751
1766
1781
1796
1811
1826
1841
1856
1871
1886
1901
1916
1572
1587
1602
1617
1632
1647
1662
1677
1692
1707
1722
1737
1752
1767
1782
1797
1812
1827
1842
1857
1872
1887
1902
1917
1573
1588
1603
1618
1633
1648
1663
1678
1693
1708
1723
1738
1753
1768
1783
1798
1813
1828
1843
1858
1873
1888
1903
1918
1574
1589
1604
1619
1634
1649
1664
1679
1694
1709
1724
1739
1754
1769
1784
1799
1814
1829
1844
1859
1874
1889
1904
1919
1560
1575
1590
1605
1620
1635
1650
1665
1680
1695
1710
1725
1740
1755
1770
1785
1800
1815
1830
1845
1860
1875
1890
1905
1561
1576
1591
1606
1621
1636
1651
1666
1681
1696
1711
1726
1741
1756
1771
1786
1801
1816
1831
1846
1861
1876
1891
1906
1562
1577
1592
1607
1622
1637
1652
1667
1682
1697
1712
1727
1742
1757
1772
1787
1802
1817
1832
1847
1862
1877
1892
1907
1563
1578
1593
1608
1623
1638
1653
1668
1683
1698
1713
1728
1743
1758
1773
1788
1803
1818
1833
1848
1863
1878
1893
1908
1564
1579
1594
1609
1624
1639
1654
1669
1684
1699
1714
1729
1744
1759
1774
1789
1804
1819
1834
1849
1864
1879
1894
1909
1565
1580
1595
1610
1625
1640
1655
1670
1685
1700
1715
1730
1745
1760
1775
1790
1805
1820
1835
1850
1865
1880
1895
1910
1566
1581
1596
1611
1626
1641
1656
1671
1686
1701
1716
1731
1746
1761
1776
1791
1806
1821
1836
1851
1866
1881
1896
1911
1567
1582
1597
1612
1627
1642
1657
1672
1687
1702
1717
1732
1747
1762
1777
1792
1807
1822
1837
1852
1867
1882
1897
1912
1568
1583
1598
1613
1628
1643
1658
1673
1688
1703
1718
1733
1748
1763
1778
1793
1808
1823
1838
1853
1868
1883
1898
1913
1569
1584
1599
1614
1629
1644
1659
1674
1689
1704
1719
1734
1749
1764
1779
1794
1809
1824
1839
1854
1869
1884
1899
1914
1570
1585
1600
1615
1630
1645
1660
1675
1690
1705
1720
1735
1750
1765
1780
1795
1810
1825
1840
1855
1870
1885
1900
1915
1571
1586
1601
1616
1631
1646
1661
1676
1691
1706
1721
1736
1751
1766
1781
1796
1811
1826
1841
1856
1871
1886
1901
1916
1572
1587
1602
1617
1632
1647
1662
1677
1692
1707
1722
1737
1752
1767
1782
1797
1812
1827
1842
1857
1872
1887
1902
1917
1573
1588
1603
1618
1633
1648
1663
1678
1693
1708
1723
1738
1753
1768
1783
1798
1813
1828
1843
1858
1873
1888
1903
1918
1574
1589
1604
1619
1634
1649
1664
1679
1694
1709
1724
1739
1754
1769
1784
1799
1814
1829
1844
1859
1874
1889
1904
1919
1920
1921
1922
1923
1924
1925
1926
1927
1928
1929
1930
1931
1932
1933
1934
1920
1935
1950
1965
1980
1995
2010
2025
2040
2055
2070
2085
2100
2115
2130
2145
2160
2175
2190
2205
2220
2235
2250
2265
1921
1936
1951
1966
1981
1996
2011
2026
2041
2056
2071
2086
2101
2116
2131
2146
2161
2176
2191
2206
2221
2236
2251
2266
1922
1937
1952
1967
1982
1997
2012
2027
2042
2057
2072
2087
2102
2117
2132
2147
2162
2177
2192
2207
2222
2237
2252
2267
1923
1938
1953
1968
1983
1998
2013
2028
2043
2058
2073
2088
2103
2118
2133
2148
2163
2178
2193
2208
2223
2238
2253
2268
1924
1939
1954
1969
1984
1999
2014
2029
2044
2059
2074
2089
2104
2119
2134
2149
2164
2179
2194
2209
2224
2239
2254
2269
1925
1940
1955
1970
1985
2000
2015
2030
2045
2060
2075
2090
2105
2120
2135
2150
2165
2180
2195
2210
2225
2240
2255
2270
1926
1941
1956
1971
1986
2001
2016
2031
2046
2061
2076
2091
2106
2121
2136
2151
2166
2181
2196
2211
2226
2241
2256
2271
1927
1942
1957
1972
1987
2002
2017
2032
2047
2062
2077
2092
2107
2122
2137
2152
2167
2182
2197
2212
2227
2242
2257
2272
1928
1943
1958
1973
1988
2003
2018
2033
2048
2063
2078
2093
2108
2123
2138
2153
2168
2183
2198
2213
2228
2243
2258
2273
1929
1944
1959
1974
1989
2004
2019
2034
2049
2064
2079
2094
2109
2124
2139
2154
2169
2184
2199
2214
2229
2244
2259
2274
1930
1945
1960
1975
1990
2005
2020
2035
2050
2065
2080
2095
2110
2125
2140
2155
2170
2185
2200
2215
2230
2245
2260
2275
1931
1946
1961
1976
1991
2006
2021
2036
2051
2066
2081
2096
2111
2126
2141
2156
2171
2186
2201
2216
2231
2246
2261
2276
1932
1947
1962
1977
1992
2007
2022
2037
2052
2067
2082
2097
2112
2127
2142
2157
2172
2187
2202
2217
2232
2247
2262
2277
1933
1948
1963
1978
1993
2008
2023
2038
2053
2068
2083
2098
2113
2128
2143
2158
2173
2188
2203
2218
2233
2248
2263
2278
1934
1949
1964
1979
1994
2009
2024
2039
2054
2069
2084
2099
2114
2129
2144
2159
2174
2189
2204
2219
2234
2249
2264
2279
1920
1935
1950
1965
1980
1995
2010
2025
2040
2055
2070
2085
2100
2115
2130
2145
2160
2175
2190
2205
2220
2235
2250
2265
1921
1936
1951
1966
1981
1996
2011
2026
2041
2056
2071
2086
2101
2116
2131
2146
2161
2176
2191
2206
2221
2236
2251
2266
1922
1937
1952
1967
1982
1997
2012
2027
2042
2057
2072
2087
2102
2117
2132
2147
2162
2177
2192
2207
2222
2237
2252
2267
1923
1938
1953
1968
1983
1998
2013
2028
2043
2058
2073
2088
2103
2118
2133
2148
2163
2178
2193
2208
2223
2238
2253
2268
1924
1939
1954
1969
1984
1999
2014
2029
2044
2059
2074
2089
2104
2119
2134
2149
2164
2179
2194
2209
2224
2239
2254
2269
1925
1940
1955
1970
1985
2000
2015
2030
2045
2060
2075
2090
2105
2120
2135
2150
2165
2180
2195
2210
2225
2240
2255
2270
1926
1941
1956
1971
1986
2001
2016
2031
2046
2061
2076
2091
2106
2121
2136
2151
2166
2181
2196
2211
2226
2241
2256
2271
1927
1942
1957
1972
1987
2002
2017
2032
2047
2062
2077
2092
2107
2122
2137
2152
2167
2182
2197
2212
2227
2242
2257
2272
1928
1943
1958
1973
1988
2003
2018
2033
2048
2063
2078
2093
2108
2123
2138
2153
2168
2183
2198
2213
2228
2243
2258
2273
1929
1944
1959
1974
1989
2004
2019
2034
2049
2064
2079
2094
2109
2124
2139
2154
2169
2184
2199
2214
2229
2244
2259
2274
1930
1945
1960
1975
1990
2005
2020
2035
2050
2065
2080
2095
2110
2125
2140
2155
2170
2185
2200
2215
2230
2245
2260
2275
1931
1946
1961
1976
1991
2006
2021
2036
2051
2066
2081
2096
2111
2126
2141
2156
2171
2186
2201
2216
2231
2246
2261
2276
1932
1947
1962
1977
1992
2007
2022
2037
2052
2067
2082
2097
2112
2127
2142
2157
2172
2187
2202
2217
2232
2247
2262
2277
1933
1948
1963
1978
1993
2008
2023
2038
2053
2068
2083
2098
2113
2128
2143
2158
2173
2188
2203
2218
2233
2248
2263
2278
1934
1949
1964
1979
1994
2009
2024
2039
2054
2069
2084
2099
2114
2129
2144
2159
2174
2189
2204
2219
2234
2249
2264
2279
2415
2416
2417
2418
2419
2420
2421
2422
2423
2280
2289
2298
2307
2316
2325
2334
2343
2352
2361
2370
2379
2388
2397
2406
2415
2281
2290
2299
2308
2317
2326
2335
2344
2353
2362
2371
2380
2389
2398
2407
2416
2282
2291
2300
2309
2318
2327
2336
2345
2354
2363
2372
2381
2390
2399
2408
2417
2283
2292
2301
2310
2319
2328
2337
2346
2355
2364
2373
2382
2391
2400
2409
2418
2284
2293
2302
2311
2320
2329
2338
2347
2356
2365
2374
2383
2392
2401
2410
2419
2285
2294
2303
2312
2321
2330
2339
2348
2357
2366
2375
2384
2393
2402
2411
2420
2286
2295
2304
2313
2322
2331
2340
2349
2358
2367
2376
2385
2394
2403
2412
2421
2287
2296
2305
2314
2323
2332
2341
2350
2359
2368
2377
2386
2395
2404
2413
2422
2288
2297
2306
2315
2324
2333
2342
2351
2360
2369
2378
2387
2396
2405
2414
2423
2280
2289
2298
2307
2316
2325
2334
2343
2352
2361
2370
2379
2388
2397
2406
2415
2281
2290
2299
2308
2317
2326
2335
2344
2353
2362
2371
2380
2389
2398
2407
2416
2282
2291
2300
2309
2318
2327
2336
2345
2354
2363
2372
2381
2390
2399
2408
2417
2283
2292
2301
2310
2319
2328
2337
2346
2355
2364
2373
2382
2391
2400
2409
2418
2284
2293
2302
2311
2320
2329
2338
2347
2356
2365
2374
2383
2392
2401
2410
2419
2285
2294
2303
2312
2321
2330
2339
2348
2357
2366
2375
2384
2393
2402
2411
2420
2286
2295
2304
2313
2322
2331
2340
2349
2358
2367
2376
2385
2394
2403
2412
2421
2287
2296
2305
2314
2323
2332
2341
2350
2359
2368
2377
2386
2395
2404
2413
2422
2288
2297
2306
2315
2324
2333
2342
2351
2360
2369
2378
2387
2396
2405
2414
2423
2424
2439
2454
2469
2484
2499
2514
2529
2544
2425
2440
2455
2470
2485
2500
2515
2530
2545
2426
2441
2456
2471
2486
2501
2516
2531
2546
2427
2442
2457
2472
2487
2502
2517
2532
2547
2428
2443
2458
2473
2488
2503
2518
2533
2548
2429
2444
2459
2474
2489
2504
2519
2534
2549
2430
2445
2460
2475
2490
2505
2520
2535
2550
2431
2446
2461
2476
2491
2506
2521
2536
2551
2432
2447
2462
2477
2492
2507
2522
2537
2552
2433
2448
2463
2478
2493
2508
2523
2538
2553
2434
2449
2464
2479
2494
2509
2524
2539
2554
2435
2450
2465
2480
2495
2510
2525
2540
2555
2436
2451
2466
2481
2496
2511
2526
2541
2556
2437
2452
2467
2482
2497
2512
2527
2542
2557
2438
2453
2468
2483
2498
2513
2528
2543
2558
2424
2439
2454
2469
2484
2499
2514
2529
2544
2425
2440
2455
2470
2485
2500
2515
2530
2545
2426
2441
2456
2471
2486
2501
2516
2531
2546
2427
2442
2457
2472
2487
2502
2517
2532
2547
2428
2443
2458
2473
2488
2503
2518
2533
2548
2429
2444
2459
2474
2489
2504
2519
2534
2549
2430
2445
2460
2475
2490
2505
2520
2535
2550
2431
2446
2461
2476
2491
2506
2521
2536
2551
2432
2447
2462
2477
2492
2507
2522
2537
2552
2433
2448
2463
2478
2493
2508
2523
2538
2553
2434
2449
2464
2479
2494
2509
2524
2539
2554
2435
2450
2465
2480
2495
2510
2525
2540
2555
2436
2451
2466
2481
2496
2511
2526
2541
2556
2437
2452
2467
2482
2497
2512
2527
2542
2557
2438
2453
2468
2483
2498
2513
2528
2543
2558
2559
2574
2589
2604
2619
2634
2649
2664
2679
2560
2575
2590
2605
2620
2635
2650
2665
2680
2561
2576
2591
2606
2621
2636
2651
2666
2681
2562
2577
2592
2607
2622
2637
2652
2667
2682
2563
2578
2593
2608
2623
2638
2653
2668
2683
2564
2579
2594
2609
2624
2639
2654
2669
2684
2565
2580
2595
2610
2625
2640
2655
2670
2685
2566
2581
2596
2611
2626
2641
2656
2671
2686
2567
2582
2597
2612
2627
2642
2657
2672
2687
2568
2583
2598
2613
2628
2643
2658
2673
2688
2569
2584
2599
2614
2629
2644
2659
2674
2689
2570
2585
2600
2615
2630
2645
2660
2675
2690
2571
2586
2601
2616
2631
2646
2661
2676
2691
2572
2587
2602
2617
2632
2647
2662
2677
2692
2573
2588
2603
2618
2633
2648
2663
2678
2693
2559
2574
2589
2604
2619
2634
2649
2664
2679
2560
2575
2590
2605
2620
2635
2650
2665
2680
2561
2576
2591
2606
2621
2636
2651
2666
2681
2562
2577
2592
2607
2622
2637
2652
2667
2682
2563
2578
2593
2608
2623
2638
2653
2668
2683
2564
2579
2594
2609
2624
2639
2654
2669
2684
2565
2580
2595
2610
2625
2640
2655
2670
2685
2566
2581
2596
2611
2626
2641
2656
2671
2686
2567
2582
2597
2612
2627
2642
2657
2672
2687
2568
2583
2598
2613
2628
2643
2658
2673
2688
2569
2584
2599
2614
2629
2644
2659
2674
2689
2570
2585
2600
2615
2630
2645
2660
2675
2690
2571
2586
2601
2616
2631
2646
2661
2676
2691
2572
2587
2602
2617
2632
2647
2662
2677
2692
2573
2588
2603
2618
2633
2648
2663
2678
2693
)


// ************************************************************************* //
